
============================================================
Batch 0 | Val PER: 1.7010
============================================================
  Sample 0:
    TRUE: [31, 17, 0, 19, 27, 2, 28, 17, 39, 27, 17, 19, 2, 22, 28, 16, 8, 11, 8, 39]
    PRED: [19, 7, 24, 26, 28, 14, 4, 10, 16, 12, 36, 3, 35, 7, 34, 6, 30, 6, 12, 30, 4, 28, 17, 6, 11, 1, 35, 24, 36, 12, 35, 12, 31, 0, 26, 24, 26, 17, 26, 0, 4, 26, 33, 10]
    Edit distance: 42/20
  Sample 1:
    TRUE: [27, 16, 7, 39, 26, 11, 7, 2, 28, 30, 39, 28, 10, 34, 27, 2, 20, 39, 28, 5, 22, 8, 39, 20, 16, 31, 2, 14, 27, 1, 13, 28, 39]
    PRED: [36, 1, 25, 17, 25, 20, 28, 8, 4, 25, 13, 28, 18, 34, 28, 38, 16, 4, 10, 22, 5, 32, 19, 26, 25, 9, 25, 4, 20, 29, 11, 7, 12, 4, 18, 10, 36, 5, 19, 5, 4, 5, 4, 11, 6, 21, 7, 33, 18, 34, 13, 33, 38, 13, 7, 20, 19, 4, 18, 35, 0, 24, 37, 0, 26, 33, 26]
    Edit distance: 61/33
  Sample 2:
    TRUE: [28, 24, 39, 27, 33, 20, 37, 39, 35, 17, 39, 21, 12, 8, 39, 16, 22, 39, 2, 22, 2, 6, 1, 29, 30, 39, 19, 2, 20, 33, 38, 2, 22, 39]
    PRED: [17, 16, 30, 36, 13, 8, 20, 21, 33, 28, 16, 11, 22, 11, 32, 22, 37, 20, 38, 36, 14, 36, 8, 29, 12, 20, 19, 17, 33, 38, 8, 33, 28, 25, 6, 30, 8, 36, 15, 36, 30, 8, 28, 25, 7, 8, 21, 33, 21, 15, 34, 21, 12, 8, 21, 25, 12, 3, 17, 19, 1, 32, 35, 30, 4, 35, 4, 6, 4, 17, 4, 36, 9, 6, 27, 35, 29, 34, 13, 33, 12, 36, 11, 14, 28, 38, 35, 4, 0, 24, 0, 37, 8]
    Edit distance: 84/34
  Sample 3:
    TRUE: [20, 3, 27, 17, 37, 39, 19, 0, 28, 30, 33, 21, 39, 22, 17, 8, 2, 8, 39, 6, 20, 1, 19, 39, 14, 20, 2, 34, 37, 39, 30, 33, 39, 6, 17, 39, 19, 2, 21, 26, 20, 17, 30, 20, 17, 39, 10, 20, 2, 14, 2, 22, 30, 39]
    PRED: [36, 1, 21, 33, 9, 19, 1, 38, 22, 8, 15, 19, 18, 31, 28, 29, 18, 19, 32, 28, 7, 19, 18, 23, 28, 21, 11, 34, 13, 29, 0, 10, 23, 25, 0, 25, 22, 6, 7, 34, 10, 22, 11, 25, 22, 31, 20, 10, 29, 39, 8, 31, 8, 21, 25, 21, 0, 9, 4, 11, 4, 12, 21, 19, 34, 20, 4, 17, 28, 4, 36, 4, 36, 34, 8, 23, 28, 13, 34, 27, 4, 10, 34, 6, 32, 12, 36, 10, 38, 22, 35, 38, 6, 29, 9, 17, 4, 11, 29, 26, 28, 25, 1, 7, 17, 24, 0, 26, 34]
    Edit distance: 99/54
  Sample 4:
    TRUE: [9, 2, 39, 30, 33, 31, 39, 13, 10, 27, 17, 39, 13, 11, 14, 0, 30, 39, 30, 33, 39, 19, 2, 21, 39, 35, 10, 22, 39, 27, 0, 18, 11, 37, 39, 30, 33, 31, 39, 13, 10, 20, 39, 4, 30, 39]
    PRED: [36, 14, 1, 7, 25, 1, 20, 28, 6, 18, 35, 18, 7, 18, 37, 21, 8, 36, 4, 32, 35, 19, 10, 4, 16, 2, 12, 9, 24, 38, 4, 8, 4, 11, 20, 35, 30, 3, 26, 4, 28, 4, 23, 0, 4, 0, 20, 0, 33, 6, 33, 36, 8, 15, 30, 28, 8, 36, 8, 14, 8, 4, 8, 28, 31, 14, 8, 6, 32, 4, 8, 24, 0, 6, 20, 5, 7, 30, 6, 18, 4, 1, 6, 8, 5, 4, 35, 19, 4, 18, 4, 11, 36, 15, 37, 38, 34, 37, 0, 38, 0, 12, 4, 19, 17, 28, 35, 12, 30, 35, 25, 7, 0, 37, 36, 0, 26, 37, 26, 33, 26]
    Edit distance: 112/46

============================================================
Batch 500 | Val PER: 0.9871
============================================================
  Sample 0:
    TRUE: [31, 17, 0, 19, 27, 2, 28, 17, 39, 27, 17, 19, 2, 22, 28, 16, 8, 11, 8, 39]
    PRED: [0]
    Edit distance: 19/20
  Sample 1:
    TRUE: [27, 16, 7, 39, 26, 11, 7, 2, 28, 30, 39, 28, 10, 34, 27, 2, 20, 39, 28, 5, 22, 8, 39, 20, 16, 31, 2, 14, 27, 1, 13, 28, 39]
    PRED: [0]
    Edit distance: 33/33
  Sample 2:
    TRUE: [28, 24, 39, 27, 33, 20, 37, 39, 35, 17, 39, 21, 12, 8, 39, 16, 22, 39, 2, 22, 2, 6, 1, 29, 30, 39, 19, 2, 20, 33, 38, 2, 22, 39]
    PRED: [0]
    Edit distance: 34/34
  Sample 3:
    TRUE: [20, 3, 27, 17, 37, 39, 19, 0, 28, 30, 33, 21, 39, 22, 17, 8, 2, 8, 39, 6, 20, 1, 19, 39, 14, 20, 2, 34, 37, 39, 30, 33, 39, 6, 17, 39, 19, 2, 21, 26, 20, 17, 30, 20, 17, 39, 10, 20, 2, 14, 2, 22, 30, 39]
    PRED: [0]
    Edit distance: 53/54
  Sample 4:
    TRUE: [9, 2, 39, 30, 33, 31, 39, 13, 10, 27, 17, 39, 13, 11, 14, 0, 30, 39, 30, 33, 39, 19, 2, 21, 39, 35, 10, 22, 39, 27, 0, 18, 11, 37, 39, 30, 33, 31, 39, 13, 10, 20, 39, 4, 30, 39]
    PRED: [0]
    Edit distance: 45/46

============================================================
Batch 1000 | Val PER: 0.9871
============================================================
  Sample 0:
    TRUE: [31, 17, 0, 19, 27, 2, 28, 17, 39, 27, 17, 19, 2, 22, 28, 16, 8, 11, 8, 39]
    PRED: [0]
    Edit distance: 19/20
  Sample 1:
    TRUE: [27, 16, 7, 39, 26, 11, 7, 2, 28, 30, 39, 28, 10, 34, 27, 2, 20, 39, 28, 5, 22, 8, 39, 20, 16, 31, 2, 14, 27, 1, 13, 28, 39]
    PRED: [0]
    Edit distance: 33/33
  Sample 2:
    TRUE: [28, 24, 39, 27, 33, 20, 37, 39, 35, 17, 39, 21, 12, 8, 39, 16, 22, 39, 2, 22, 2, 6, 1, 29, 30, 39, 19, 2, 20, 33, 38, 2, 22, 39]
    PRED: [0]
    Edit distance: 34/34
  Sample 3:
    TRUE: [20, 3, 27, 17, 37, 39, 19, 0, 28, 30, 33, 21, 39, 22, 17, 8, 2, 8, 39, 6, 20, 1, 19, 39, 14, 20, 2, 34, 37, 39, 30, 33, 39, 6, 17, 39, 19, 2, 21, 26, 20, 17, 30, 20, 17, 39, 10, 20, 2, 14, 2, 22, 30, 39]
    PRED: [0]
    Edit distance: 53/54
  Sample 4:
    TRUE: [9, 2, 39, 30, 33, 31, 39, 13, 10, 27, 17, 39, 13, 11, 14, 0, 30, 39, 30, 33, 39, 19, 2, 21, 39, 35, 10, 22, 39, 27, 0, 18, 11, 37, 39, 30, 33, 31, 39, 13, 10, 20, 39, 4, 30, 39]
    PRED: [0]
    Edit distance: 45/46

============================================================
Batch 1500 | Val PER: 0.9871
============================================================
  Sample 0:
    TRUE: [31, 17, 0, 19, 27, 2, 28, 17, 39, 27, 17, 19, 2, 22, 28, 16, 8, 11, 8, 39]
    PRED: [0]
    Edit distance: 19/20
  Sample 1:
    TRUE: [27, 16, 7, 39, 26, 11, 7, 2, 28, 30, 39, 28, 10, 34, 27, 2, 20, 39, 28, 5, 22, 8, 39, 20, 16, 31, 2, 14, 27, 1, 13, 28, 39]
    PRED: [0]
    Edit distance: 33/33
  Sample 2:
    TRUE: [28, 24, 39, 27, 33, 20, 37, 39, 35, 17, 39, 21, 12, 8, 39, 16, 22, 39, 2, 22, 2, 6, 1, 29, 30, 39, 19, 2, 20, 33, 38, 2, 22, 39]
    PRED: [0]
    Edit distance: 34/34
  Sample 3:
    TRUE: [20, 3, 27, 17, 37, 39, 19, 0, 28, 30, 33, 21, 39, 22, 17, 8, 2, 8, 39, 6, 20, 1, 19, 39, 14, 20, 2, 34, 37, 39, 30, 33, 39, 6, 17, 39, 19, 2, 21, 26, 20, 17, 30, 20, 17, 39, 10, 20, 2, 14, 2, 22, 30, 39]
    PRED: [0]
    Edit distance: 53/54
  Sample 4:
    TRUE: [9, 2, 39, 30, 33, 31, 39, 13, 10, 27, 17, 39, 13, 11, 14, 0, 30, 39, 30, 33, 39, 19, 2, 21, 39, 35, 10, 22, 39, 27, 0, 18, 11, 37, 39, 30, 33, 31, 39, 13, 10, 20, 39, 4, 30, 39]
    PRED: [0]
    Edit distance: 45/46

============================================================
Batch 2000 | Val PER: 0.9871
============================================================
  Sample 0:
    TRUE: [31, 17, 0, 19, 27, 2, 28, 17, 39, 27, 17, 19, 2, 22, 28, 16, 8, 11, 8, 39]
    PRED: [0]
    Edit distance: 19/20
  Sample 1:
    TRUE: [27, 16, 7, 39, 26, 11, 7, 2, 28, 30, 39, 28, 10, 34, 27, 2, 20, 39, 28, 5, 22, 8, 39, 20, 16, 31, 2, 14, 27, 1, 13, 28, 39]
    PRED: [0]
    Edit distance: 33/33
  Sample 2:
    TRUE: [28, 24, 39, 27, 33, 20, 37, 39, 35, 17, 39, 21, 12, 8, 39, 16, 22, 39, 2, 22, 2, 6, 1, 29, 30, 39, 19, 2, 20, 33, 38, 2, 22, 39]
    PRED: [0]
    Edit distance: 34/34
  Sample 3:
    TRUE: [20, 3, 27, 17, 37, 39, 19, 0, 28, 30, 33, 21, 39, 22, 17, 8, 2, 8, 39, 6, 20, 1, 19, 39, 14, 20, 2, 34, 37, 39, 30, 33, 39, 6, 17, 39, 19, 2, 21, 26, 20, 17, 30, 20, 17, 39, 10, 20, 2, 14, 2, 22, 30, 39]
    PRED: [0]
    Edit distance: 53/54
  Sample 4:
    TRUE: [9, 2, 39, 30, 33, 31, 39, 13, 10, 27, 17, 39, 13, 11, 14, 0, 30, 39, 30, 33, 39, 19, 2, 21, 39, 35, 10, 22, 39, 27, 0, 18, 11, 37, 39, 30, 33, 31, 39, 13, 10, 20, 39, 4, 30, 39]
    PRED: [0]
    Edit distance: 45/46

============================================================
Batch 2500 | Val PER: 0.9871
============================================================
  Sample 0:
    TRUE: [31, 17, 0, 19, 27, 2, 28, 17, 39, 27, 17, 19, 2, 22, 28, 16, 8, 11, 8, 39]
    PRED: [0]
    Edit distance: 19/20
  Sample 1:
    TRUE: [27, 16, 7, 39, 26, 11, 7, 2, 28, 30, 39, 28, 10, 34, 27, 2, 20, 39, 28, 5, 22, 8, 39, 20, 16, 31, 2, 14, 27, 1, 13, 28, 39]
    PRED: [0]
    Edit distance: 33/33
  Sample 2:
    TRUE: [28, 24, 39, 27, 33, 20, 37, 39, 35, 17, 39, 21, 12, 8, 39, 16, 22, 39, 2, 22, 2, 6, 1, 29, 30, 39, 19, 2, 20, 33, 38, 2, 22, 39]
    PRED: [0]
    Edit distance: 34/34
  Sample 3:
    TRUE: [20, 3, 27, 17, 37, 39, 19, 0, 28, 30, 33, 21, 39, 22, 17, 8, 2, 8, 39, 6, 20, 1, 19, 39, 14, 20, 2, 34, 37, 39, 30, 33, 39, 6, 17, 39, 19, 2, 21, 26, 20, 17, 30, 20, 17, 39, 10, 20, 2, 14, 2, 22, 30, 39]
    PRED: [0]
    Edit distance: 53/54
  Sample 4:
    TRUE: [9, 2, 39, 30, 33, 31, 39, 13, 10, 27, 17, 39, 13, 11, 14, 0, 30, 39, 30, 33, 39, 19, 2, 21, 39, 35, 10, 22, 39, 27, 0, 18, 11, 37, 39, 30, 33, 31, 39, 13, 10, 20, 39, 4, 30, 39]
    PRED: [0]
    Edit distance: 45/46

============================================================
Batch 3000 | Val PER: 0.9871
============================================================
  Sample 0:
    TRUE: [31, 17, 0, 19, 27, 2, 28, 17, 39, 27, 17, 19, 2, 22, 28, 16, 8, 11, 8, 39]
    PRED: [0]
    Edit distance: 19/20
  Sample 1:
    TRUE: [27, 16, 7, 39, 26, 11, 7, 2, 28, 30, 39, 28, 10, 34, 27, 2, 20, 39, 28, 5, 22, 8, 39, 20, 16, 31, 2, 14, 27, 1, 13, 28, 39]
    PRED: [0]
    Edit distance: 33/33
  Sample 2:
    TRUE: [28, 24, 39, 27, 33, 20, 37, 39, 35, 17, 39, 21, 12, 8, 39, 16, 22, 39, 2, 22, 2, 6, 1, 29, 30, 39, 19, 2, 20, 33, 38, 2, 22, 39]
    PRED: [0]
    Edit distance: 34/34
  Sample 3:
    TRUE: [20, 3, 27, 17, 37, 39, 19, 0, 28, 30, 33, 21, 39, 22, 17, 8, 2, 8, 39, 6, 20, 1, 19, 39, 14, 20, 2, 34, 37, 39, 30, 33, 39, 6, 17, 39, 19, 2, 21, 26, 20, 17, 30, 20, 17, 39, 10, 20, 2, 14, 2, 22, 30, 39]
    PRED: [0]
    Edit distance: 53/54
  Sample 4:
    TRUE: [9, 2, 39, 30, 33, 31, 39, 13, 10, 27, 17, 39, 13, 11, 14, 0, 30, 39, 30, 33, 39, 19, 2, 21, 39, 35, 10, 22, 39, 27, 0, 18, 11, 37, 39, 30, 33, 31, 39, 13, 10, 20, 39, 4, 30, 39]
    PRED: [0]
    Edit distance: 45/46

============================================================
Batch 3500 | Val PER: 0.9871
============================================================
  Sample 0:
    TRUE: [31, 17, 0, 19, 27, 2, 28, 17, 39, 27, 17, 19, 2, 22, 28, 16, 8, 11, 8, 39]
    PRED: [0]
    Edit distance: 19/20
  Sample 1:
    TRUE: [27, 16, 7, 39, 26, 11, 7, 2, 28, 30, 39, 28, 10, 34, 27, 2, 20, 39, 28, 5, 22, 8, 39, 20, 16, 31, 2, 14, 27, 1, 13, 28, 39]
    PRED: [0]
    Edit distance: 33/33
  Sample 2:
    TRUE: [28, 24, 39, 27, 33, 20, 37, 39, 35, 17, 39, 21, 12, 8, 39, 16, 22, 39, 2, 22, 2, 6, 1, 29, 30, 39, 19, 2, 20, 33, 38, 2, 22, 39]
    PRED: [0]
    Edit distance: 34/34
  Sample 3:
    TRUE: [20, 3, 27, 17, 37, 39, 19, 0, 28, 30, 33, 21, 39, 22, 17, 8, 2, 8, 39, 6, 20, 1, 19, 39, 14, 20, 2, 34, 37, 39, 30, 33, 39, 6, 17, 39, 19, 2, 21, 26, 20, 17, 30, 20, 17, 39, 10, 20, 2, 14, 2, 22, 30, 39]
    PRED: [0]
    Edit distance: 53/54
  Sample 4:
    TRUE: [9, 2, 39, 30, 33, 31, 39, 13, 10, 27, 17, 39, 13, 11, 14, 0, 30, 39, 30, 33, 39, 19, 2, 21, 39, 35, 10, 22, 39, 27, 0, 18, 11, 37, 39, 30, 33, 31, 39, 13, 10, 20, 39, 4, 30, 39]
    PRED: [0]
    Edit distance: 45/46

============================================================
Batch 4000 | Val PER: 0.9871
============================================================
  Sample 0:
    TRUE: [31, 17, 0, 19, 27, 2, 28, 17, 39, 27, 17, 19, 2, 22, 28, 16, 8, 11, 8, 39]
    PRED: [0]
    Edit distance: 19/20
  Sample 1:
    TRUE: [27, 16, 7, 39, 26, 11, 7, 2, 28, 30, 39, 28, 10, 34, 27, 2, 20, 39, 28, 5, 22, 8, 39, 20, 16, 31, 2, 14, 27, 1, 13, 28, 39]
    PRED: [0]
    Edit distance: 33/33
  Sample 2:
    TRUE: [28, 24, 39, 27, 33, 20, 37, 39, 35, 17, 39, 21, 12, 8, 39, 16, 22, 39, 2, 22, 2, 6, 1, 29, 30, 39, 19, 2, 20, 33, 38, 2, 22, 39]
    PRED: [0]
    Edit distance: 34/34
  Sample 3:
    TRUE: [20, 3, 27, 17, 37, 39, 19, 0, 28, 30, 33, 21, 39, 22, 17, 8, 2, 8, 39, 6, 20, 1, 19, 39, 14, 20, 2, 34, 37, 39, 30, 33, 39, 6, 17, 39, 19, 2, 21, 26, 20, 17, 30, 20, 17, 39, 10, 20, 2, 14, 2, 22, 30, 39]
    PRED: [0]
    Edit distance: 53/54
  Sample 4:
    TRUE: [9, 2, 39, 30, 33, 31, 39, 13, 10, 27, 17, 39, 13, 11, 14, 0, 30, 39, 30, 33, 39, 19, 2, 21, 39, 35, 10, 22, 39, 27, 0, 18, 11, 37, 39, 30, 33, 31, 39, 13, 10, 20, 39, 4, 30, 39]
    PRED: [0]
    Edit distance: 45/46

============================================================
Batch 4500 | Val PER: 0.9871
============================================================
  Sample 0:
    TRUE: [31, 17, 0, 19, 27, 2, 28, 17, 39, 27, 17, 19, 2, 22, 28, 16, 8, 11, 8, 39]
    PRED: [0]
    Edit distance: 19/20
  Sample 1:
    TRUE: [27, 16, 7, 39, 26, 11, 7, 2, 28, 30, 39, 28, 10, 34, 27, 2, 20, 39, 28, 5, 22, 8, 39, 20, 16, 31, 2, 14, 27, 1, 13, 28, 39]
    PRED: [0]
    Edit distance: 33/33
  Sample 2:
    TRUE: [28, 24, 39, 27, 33, 20, 37, 39, 35, 17, 39, 21, 12, 8, 39, 16, 22, 39, 2, 22, 2, 6, 1, 29, 30, 39, 19, 2, 20, 33, 38, 2, 22, 39]
    PRED: [0]
    Edit distance: 34/34
  Sample 3:
    TRUE: [20, 3, 27, 17, 37, 39, 19, 0, 28, 30, 33, 21, 39, 22, 17, 8, 2, 8, 39, 6, 20, 1, 19, 39, 14, 20, 2, 34, 37, 39, 30, 33, 39, 6, 17, 39, 19, 2, 21, 26, 20, 17, 30, 20, 17, 39, 10, 20, 2, 14, 2, 22, 30, 39]
    PRED: [0]
    Edit distance: 53/54
  Sample 4:
    TRUE: [9, 2, 39, 30, 33, 31, 39, 13, 10, 27, 17, 39, 13, 11, 14, 0, 30, 39, 30, 33, 39, 19, 2, 21, 39, 35, 10, 22, 39, 27, 0, 18, 11, 37, 39, 30, 33, 31, 39, 13, 10, 20, 39, 4, 30, 39]
    PRED: [0]
    Edit distance: 45/46

============================================================
Batch 5000 | Val PER: 0.9871
============================================================
  Sample 0:
    TRUE: [31, 17, 0, 19, 27, 2, 28, 17, 39, 27, 17, 19, 2, 22, 28, 16, 8, 11, 8, 39]
    PRED: [0]
    Edit distance: 19/20
  Sample 1:
    TRUE: [27, 16, 7, 39, 26, 11, 7, 2, 28, 30, 39, 28, 10, 34, 27, 2, 20, 39, 28, 5, 22, 8, 39, 20, 16, 31, 2, 14, 27, 1, 13, 28, 39]
    PRED: [0]
    Edit distance: 33/33
  Sample 2:
    TRUE: [28, 24, 39, 27, 33, 20, 37, 39, 35, 17, 39, 21, 12, 8, 39, 16, 22, 39, 2, 22, 2, 6, 1, 29, 30, 39, 19, 2, 20, 33, 38, 2, 22, 39]
    PRED: [0]
    Edit distance: 34/34
  Sample 3:
    TRUE: [20, 3, 27, 17, 37, 39, 19, 0, 28, 30, 33, 21, 39, 22, 17, 8, 2, 8, 39, 6, 20, 1, 19, 39, 14, 20, 2, 34, 37, 39, 30, 33, 39, 6, 17, 39, 19, 2, 21, 26, 20, 17, 30, 20, 17, 39, 10, 20, 2, 14, 2, 22, 30, 39]
    PRED: [0]
    Edit distance: 53/54
  Sample 4:
    TRUE: [9, 2, 39, 30, 33, 31, 39, 13, 10, 27, 17, 39, 13, 11, 14, 0, 30, 39, 30, 33, 39, 19, 2, 21, 39, 35, 10, 22, 39, 27, 0, 18, 11, 37, 39, 30, 33, 31, 39, 13, 10, 20, 39, 4, 30, 39]
    PRED: [0]
    Edit distance: 45/46

============================================================
Batch 5500 | Val PER: 0.9871
============================================================
  Sample 0:
    TRUE: [31, 17, 0, 19, 27, 2, 28, 17, 39, 27, 17, 19, 2, 22, 28, 16, 8, 11, 8, 39]
    PRED: [0]
    Edit distance: 19/20
  Sample 1:
    TRUE: [27, 16, 7, 39, 26, 11, 7, 2, 28, 30, 39, 28, 10, 34, 27, 2, 20, 39, 28, 5, 22, 8, 39, 20, 16, 31, 2, 14, 27, 1, 13, 28, 39]
    PRED: [0]
    Edit distance: 33/33
  Sample 2:
    TRUE: [28, 24, 39, 27, 33, 20, 37, 39, 35, 17, 39, 21, 12, 8, 39, 16, 22, 39, 2, 22, 2, 6, 1, 29, 30, 39, 19, 2, 20, 33, 38, 2, 22, 39]
    PRED: [0]
    Edit distance: 34/34
  Sample 3:
    TRUE: [20, 3, 27, 17, 37, 39, 19, 0, 28, 30, 33, 21, 39, 22, 17, 8, 2, 8, 39, 6, 20, 1, 19, 39, 14, 20, 2, 34, 37, 39, 30, 33, 39, 6, 17, 39, 19, 2, 21, 26, 20, 17, 30, 20, 17, 39, 10, 20, 2, 14, 2, 22, 30, 39]
    PRED: [0]
    Edit distance: 53/54
  Sample 4:
    TRUE: [9, 2, 39, 30, 33, 31, 39, 13, 10, 27, 17, 39, 13, 11, 14, 0, 30, 39, 30, 33, 39, 19, 2, 21, 39, 35, 10, 22, 39, 27, 0, 18, 11, 37, 39, 30, 33, 31, 39, 13, 10, 20, 39, 4, 30, 39]
    PRED: [0]
    Edit distance: 45/46

============================================================
Batch 6000 | Val PER: 0.9871
============================================================
  Sample 0:
    TRUE: [31, 17, 0, 19, 27, 2, 28, 17, 39, 27, 17, 19, 2, 22, 28, 16, 8, 11, 8, 39]
    PRED: [0]
    Edit distance: 19/20
  Sample 1:
    TRUE: [27, 16, 7, 39, 26, 11, 7, 2, 28, 30, 39, 28, 10, 34, 27, 2, 20, 39, 28, 5, 22, 8, 39, 20, 16, 31, 2, 14, 27, 1, 13, 28, 39]
    PRED: [0]
    Edit distance: 33/33
  Sample 2:
    TRUE: [28, 24, 39, 27, 33, 20, 37, 39, 35, 17, 39, 21, 12, 8, 39, 16, 22, 39, 2, 22, 2, 6, 1, 29, 30, 39, 19, 2, 20, 33, 38, 2, 22, 39]
    PRED: [0]
    Edit distance: 34/34
  Sample 3:
    TRUE: [20, 3, 27, 17, 37, 39, 19, 0, 28, 30, 33, 21, 39, 22, 17, 8, 2, 8, 39, 6, 20, 1, 19, 39, 14, 20, 2, 34, 37, 39, 30, 33, 39, 6, 17, 39, 19, 2, 21, 26, 20, 17, 30, 20, 17, 39, 10, 20, 2, 14, 2, 22, 30, 39]
    PRED: [0]
    Edit distance: 53/54
  Sample 4:
    TRUE: [9, 2, 39, 30, 33, 31, 39, 13, 10, 27, 17, 39, 13, 11, 14, 0, 30, 39, 30, 33, 39, 19, 2, 21, 39, 35, 10, 22, 39, 27, 0, 18, 11, 37, 39, 30, 33, 31, 39, 13, 10, 20, 39, 4, 30, 39]
    PRED: [0]
    Edit distance: 45/46

============================================================
Batch 6500 | Val PER: 0.9871
============================================================
  Sample 0:
    TRUE: [31, 17, 0, 19, 27, 2, 28, 17, 39, 27, 17, 19, 2, 22, 28, 16, 8, 11, 8, 39]
    PRED: [0]
    Edit distance: 19/20
  Sample 1:
    TRUE: [27, 16, 7, 39, 26, 11, 7, 2, 28, 30, 39, 28, 10, 34, 27, 2, 20, 39, 28, 5, 22, 8, 39, 20, 16, 31, 2, 14, 27, 1, 13, 28, 39]
    PRED: [0]
    Edit distance: 33/33
  Sample 2:
    TRUE: [28, 24, 39, 27, 33, 20, 37, 39, 35, 17, 39, 21, 12, 8, 39, 16, 22, 39, 2, 22, 2, 6, 1, 29, 30, 39, 19, 2, 20, 33, 38, 2, 22, 39]
    PRED: [0]
    Edit distance: 34/34
  Sample 3:
    TRUE: [20, 3, 27, 17, 37, 39, 19, 0, 28, 30, 33, 21, 39, 22, 17, 8, 2, 8, 39, 6, 20, 1, 19, 39, 14, 20, 2, 34, 37, 39, 30, 33, 39, 6, 17, 39, 19, 2, 21, 26, 20, 17, 30, 20, 17, 39, 10, 20, 2, 14, 2, 22, 30, 39]
    PRED: [0]
    Edit distance: 53/54
  Sample 4:
    TRUE: [9, 2, 39, 30, 33, 31, 39, 13, 10, 27, 17, 39, 13, 11, 14, 0, 30, 39, 30, 33, 39, 19, 2, 21, 39, 35, 10, 22, 39, 27, 0, 18, 11, 37, 39, 30, 33, 31, 39, 13, 10, 20, 39, 4, 30, 39]
    PRED: [0]
    Edit distance: 45/46

============================================================
Batch 7000 | Val PER: 0.9871
============================================================
  Sample 0:
    TRUE: [31, 17, 0, 19, 27, 2, 28, 17, 39, 27, 17, 19, 2, 22, 28, 16, 8, 11, 8, 39]
    PRED: [0]
    Edit distance: 19/20
  Sample 1:
    TRUE: [27, 16, 7, 39, 26, 11, 7, 2, 28, 30, 39, 28, 10, 34, 27, 2, 20, 39, 28, 5, 22, 8, 39, 20, 16, 31, 2, 14, 27, 1, 13, 28, 39]
    PRED: [0]
    Edit distance: 33/33
  Sample 2:
    TRUE: [28, 24, 39, 27, 33, 20, 37, 39, 35, 17, 39, 21, 12, 8, 39, 16, 22, 39, 2, 22, 2, 6, 1, 29, 30, 39, 19, 2, 20, 33, 38, 2, 22, 39]
    PRED: [0]
    Edit distance: 34/34
  Sample 3:
    TRUE: [20, 3, 27, 17, 37, 39, 19, 0, 28, 30, 33, 21, 39, 22, 17, 8, 2, 8, 39, 6, 20, 1, 19, 39, 14, 20, 2, 34, 37, 39, 30, 33, 39, 6, 17, 39, 19, 2, 21, 26, 20, 17, 30, 20, 17, 39, 10, 20, 2, 14, 2, 22, 30, 39]
    PRED: [0]
    Edit distance: 53/54
  Sample 4:
    TRUE: [9, 2, 39, 30, 33, 31, 39, 13, 10, 27, 17, 39, 13, 11, 14, 0, 30, 39, 30, 33, 39, 19, 2, 21, 39, 35, 10, 22, 39, 27, 0, 18, 11, 37, 39, 30, 33, 31, 39, 13, 10, 20, 39, 4, 30, 39]
    PRED: [0]
    Edit distance: 45/46

============================================================
Batch 7500 | Val PER: 0.9871
============================================================
  Sample 0:
    TRUE: [31, 17, 0, 19, 27, 2, 28, 17, 39, 27, 17, 19, 2, 22, 28, 16, 8, 11, 8, 39]
    PRED: [0]
    Edit distance: 19/20
  Sample 1:
    TRUE: [27, 16, 7, 39, 26, 11, 7, 2, 28, 30, 39, 28, 10, 34, 27, 2, 20, 39, 28, 5, 22, 8, 39, 20, 16, 31, 2, 14, 27, 1, 13, 28, 39]
    PRED: [0]
    Edit distance: 33/33
  Sample 2:
    TRUE: [28, 24, 39, 27, 33, 20, 37, 39, 35, 17, 39, 21, 12, 8, 39, 16, 22, 39, 2, 22, 2, 6, 1, 29, 30, 39, 19, 2, 20, 33, 38, 2, 22, 39]
    PRED: [0]
    Edit distance: 34/34
  Sample 3:
    TRUE: [20, 3, 27, 17, 37, 39, 19, 0, 28, 30, 33, 21, 39, 22, 17, 8, 2, 8, 39, 6, 20, 1, 19, 39, 14, 20, 2, 34, 37, 39, 30, 33, 39, 6, 17, 39, 19, 2, 21, 26, 20, 17, 30, 20, 17, 39, 10, 20, 2, 14, 2, 22, 30, 39]
    PRED: [0]
    Edit distance: 53/54
  Sample 4:
    TRUE: [9, 2, 39, 30, 33, 31, 39, 13, 10, 27, 17, 39, 13, 11, 14, 0, 30, 39, 30, 33, 39, 19, 2, 21, 39, 35, 10, 22, 39, 27, 0, 18, 11, 37, 39, 30, 33, 31, 39, 13, 10, 20, 39, 4, 30, 39]
    PRED: [0]
    Edit distance: 45/46

============================================================
Batch 8000 | Val PER: 0.9871
============================================================
  Sample 0:
    TRUE: [31, 17, 0, 19, 27, 2, 28, 17, 39, 27, 17, 19, 2, 22, 28, 16, 8, 11, 8, 39]
    PRED: [0]
    Edit distance: 19/20
  Sample 1:
    TRUE: [27, 16, 7, 39, 26, 11, 7, 2, 28, 30, 39, 28, 10, 34, 27, 2, 20, 39, 28, 5, 22, 8, 39, 20, 16, 31, 2, 14, 27, 1, 13, 28, 39]
    PRED: [0]
    Edit distance: 33/33
  Sample 2:
    TRUE: [28, 24, 39, 27, 33, 20, 37, 39, 35, 17, 39, 21, 12, 8, 39, 16, 22, 39, 2, 22, 2, 6, 1, 29, 30, 39, 19, 2, 20, 33, 38, 2, 22, 39]
    PRED: [0]
    Edit distance: 34/34
  Sample 3:
    TRUE: [20, 3, 27, 17, 37, 39, 19, 0, 28, 30, 33, 21, 39, 22, 17, 8, 2, 8, 39, 6, 20, 1, 19, 39, 14, 20, 2, 34, 37, 39, 30, 33, 39, 6, 17, 39, 19, 2, 21, 26, 20, 17, 30, 20, 17, 39, 10, 20, 2, 14, 2, 22, 30, 39]
    PRED: [0]
    Edit distance: 53/54
  Sample 4:
    TRUE: [9, 2, 39, 30, 33, 31, 39, 13, 10, 27, 17, 39, 13, 11, 14, 0, 30, 39, 30, 33, 39, 19, 2, 21, 39, 35, 10, 22, 39, 27, 0, 18, 11, 37, 39, 30, 33, 31, 39, 13, 10, 20, 39, 4, 30, 39]
    PRED: [0]
    Edit distance: 45/46

============================================================
Batch 8500 | Val PER: 0.9871
============================================================
  Sample 0:
    TRUE: [31, 17, 0, 19, 27, 2, 28, 17, 39, 27, 17, 19, 2, 22, 28, 16, 8, 11, 8, 39]
    PRED: [0]
    Edit distance: 19/20
  Sample 1:
    TRUE: [27, 16, 7, 39, 26, 11, 7, 2, 28, 30, 39, 28, 10, 34, 27, 2, 20, 39, 28, 5, 22, 8, 39, 20, 16, 31, 2, 14, 27, 1, 13, 28, 39]
    PRED: [0]
    Edit distance: 33/33
  Sample 2:
    TRUE: [28, 24, 39, 27, 33, 20, 37, 39, 35, 17, 39, 21, 12, 8, 39, 16, 22, 39, 2, 22, 2, 6, 1, 29, 30, 39, 19, 2, 20, 33, 38, 2, 22, 39]
    PRED: [0]
    Edit distance: 34/34
  Sample 3:
    TRUE: [20, 3, 27, 17, 37, 39, 19, 0, 28, 30, 33, 21, 39, 22, 17, 8, 2, 8, 39, 6, 20, 1, 19, 39, 14, 20, 2, 34, 37, 39, 30, 33, 39, 6, 17, 39, 19, 2, 21, 26, 20, 17, 30, 20, 17, 39, 10, 20, 2, 14, 2, 22, 30, 39]
    PRED: [0]
    Edit distance: 53/54
  Sample 4:
    TRUE: [9, 2, 39, 30, 33, 31, 39, 13, 10, 27, 17, 39, 13, 11, 14, 0, 30, 39, 30, 33, 39, 19, 2, 21, 39, 35, 10, 22, 39, 27, 0, 18, 11, 37, 39, 30, 33, 31, 39, 13, 10, 20, 39, 4, 30, 39]
    PRED: [0]
    Edit distance: 45/46

============================================================
Batch 9000 | Val PER: 0.9871
============================================================
  Sample 0:
    TRUE: [31, 17, 0, 19, 27, 2, 28, 17, 39, 27, 17, 19, 2, 22, 28, 16, 8, 11, 8, 39]
    PRED: [0]
    Edit distance: 19/20
  Sample 1:
    TRUE: [27, 16, 7, 39, 26, 11, 7, 2, 28, 30, 39, 28, 10, 34, 27, 2, 20, 39, 28, 5, 22, 8, 39, 20, 16, 31, 2, 14, 27, 1, 13, 28, 39]
    PRED: [0]
    Edit distance: 33/33
  Sample 2:
    TRUE: [28, 24, 39, 27, 33, 20, 37, 39, 35, 17, 39, 21, 12, 8, 39, 16, 22, 39, 2, 22, 2, 6, 1, 29, 30, 39, 19, 2, 20, 33, 38, 2, 22, 39]
    PRED: [0]
    Edit distance: 34/34
  Sample 3:
    TRUE: [20, 3, 27, 17, 37, 39, 19, 0, 28, 30, 33, 21, 39, 22, 17, 8, 2, 8, 39, 6, 20, 1, 19, 39, 14, 20, 2, 34, 37, 39, 30, 33, 39, 6, 17, 39, 19, 2, 21, 26, 20, 17, 30, 20, 17, 39, 10, 20, 2, 14, 2, 22, 30, 39]
    PRED: [0]
    Edit distance: 53/54
  Sample 4:
    TRUE: [9, 2, 39, 30, 33, 31, 39, 13, 10, 27, 17, 39, 13, 11, 14, 0, 30, 39, 30, 33, 39, 19, 2, 21, 39, 35, 10, 22, 39, 27, 0, 18, 11, 37, 39, 30, 33, 31, 39, 13, 10, 20, 39, 4, 30, 39]
    PRED: [0]
    Edit distance: 45/46

============================================================
Batch 9500 | Val PER: 0.9871
============================================================
  Sample 0:
    TRUE: [31, 17, 0, 19, 27, 2, 28, 17, 39, 27, 17, 19, 2, 22, 28, 16, 8, 11, 8, 39]
    PRED: [0]
    Edit distance: 19/20
  Sample 1:
    TRUE: [27, 16, 7, 39, 26, 11, 7, 2, 28, 30, 39, 28, 10, 34, 27, 2, 20, 39, 28, 5, 22, 8, 39, 20, 16, 31, 2, 14, 27, 1, 13, 28, 39]
    PRED: [0]
    Edit distance: 33/33
  Sample 2:
    TRUE: [28, 24, 39, 27, 33, 20, 37, 39, 35, 17, 39, 21, 12, 8, 39, 16, 22, 39, 2, 22, 2, 6, 1, 29, 30, 39, 19, 2, 20, 33, 38, 2, 22, 39]
    PRED: [0]
    Edit distance: 34/34
  Sample 3:
    TRUE: [20, 3, 27, 17, 37, 39, 19, 0, 28, 30, 33, 21, 39, 22, 17, 8, 2, 8, 39, 6, 20, 1, 19, 39, 14, 20, 2, 34, 37, 39, 30, 33, 39, 6, 17, 39, 19, 2, 21, 26, 20, 17, 30, 20, 17, 39, 10, 20, 2, 14, 2, 22, 30, 39]
    PRED: [0]
    Edit distance: 53/54
  Sample 4:
    TRUE: [9, 2, 39, 30, 33, 31, 39, 13, 10, 27, 17, 39, 13, 11, 14, 0, 30, 39, 30, 33, 39, 19, 2, 21, 39, 35, 10, 22, 39, 27, 0, 18, 11, 37, 39, 30, 33, 31, 39, 13, 10, 20, 39, 4, 30, 39]
    PRED: [0]
    Edit distance: 45/46

============================================================
Batch 10000 | Val PER: 0.9871
============================================================
  Sample 0:
    TRUE: [31, 17, 0, 19, 27, 2, 28, 17, 39, 27, 17, 19, 2, 22, 28, 16, 8, 11, 8, 39]
    PRED: [0]
    Edit distance: 19/20
  Sample 1:
    TRUE: [27, 16, 7, 39, 26, 11, 7, 2, 28, 30, 39, 28, 10, 34, 27, 2, 20, 39, 28, 5, 22, 8, 39, 20, 16, 31, 2, 14, 27, 1, 13, 28, 39]
    PRED: [0]
    Edit distance: 33/33
  Sample 2:
    TRUE: [28, 24, 39, 27, 33, 20, 37, 39, 35, 17, 39, 21, 12, 8, 39, 16, 22, 39, 2, 22, 2, 6, 1, 29, 30, 39, 19, 2, 20, 33, 38, 2, 22, 39]
    PRED: [0]
    Edit distance: 34/34
  Sample 3:
    TRUE: [20, 3, 27, 17, 37, 39, 19, 0, 28, 30, 33, 21, 39, 22, 17, 8, 2, 8, 39, 6, 20, 1, 19, 39, 14, 20, 2, 34, 37, 39, 30, 33, 39, 6, 17, 39, 19, 2, 21, 26, 20, 17, 30, 20, 17, 39, 10, 20, 2, 14, 2, 22, 30, 39]
    PRED: [0]
    Edit distance: 53/54
  Sample 4:
    TRUE: [9, 2, 39, 30, 33, 31, 39, 13, 10, 27, 17, 39, 13, 11, 14, 0, 30, 39, 30, 33, 39, 19, 2, 21, 39, 35, 10, 22, 39, 27, 0, 18, 11, 37, 39, 30, 33, 31, 39, 13, 10, 20, 39, 4, 30, 39]
    PRED: [0]
    Edit distance: 45/46

============================================================
Batch 10500 | Val PER: 0.9871
============================================================
  Sample 0:
    TRUE: [31, 17, 0, 19, 27, 2, 28, 17, 39, 27, 17, 19, 2, 22, 28, 16, 8, 11, 8, 39]
    PRED: [0]
    Edit distance: 19/20
  Sample 1:
    TRUE: [27, 16, 7, 39, 26, 11, 7, 2, 28, 30, 39, 28, 10, 34, 27, 2, 20, 39, 28, 5, 22, 8, 39, 20, 16, 31, 2, 14, 27, 1, 13, 28, 39]
    PRED: [0]
    Edit distance: 33/33
  Sample 2:
    TRUE: [28, 24, 39, 27, 33, 20, 37, 39, 35, 17, 39, 21, 12, 8, 39, 16, 22, 39, 2, 22, 2, 6, 1, 29, 30, 39, 19, 2, 20, 33, 38, 2, 22, 39]
    PRED: [0]
    Edit distance: 34/34
  Sample 3:
    TRUE: [20, 3, 27, 17, 37, 39, 19, 0, 28, 30, 33, 21, 39, 22, 17, 8, 2, 8, 39, 6, 20, 1, 19, 39, 14, 20, 2, 34, 37, 39, 30, 33, 39, 6, 17, 39, 19, 2, 21, 26, 20, 17, 30, 20, 17, 39, 10, 20, 2, 14, 2, 22, 30, 39]
    PRED: [0]
    Edit distance: 53/54
  Sample 4:
    TRUE: [9, 2, 39, 30, 33, 31, 39, 13, 10, 27, 17, 39, 13, 11, 14, 0, 30, 39, 30, 33, 39, 19, 2, 21, 39, 35, 10, 22, 39, 27, 0, 18, 11, 37, 39, 30, 33, 31, 39, 13, 10, 20, 39, 4, 30, 39]
    PRED: [0]
    Edit distance: 45/46

============================================================
Batch 11000 | Val PER: 0.9871
============================================================
  Sample 0:
    TRUE: [31, 17, 0, 19, 27, 2, 28, 17, 39, 27, 17, 19, 2, 22, 28, 16, 8, 11, 8, 39]
    PRED: [0]
    Edit distance: 19/20
  Sample 1:
    TRUE: [27, 16, 7, 39, 26, 11, 7, 2, 28, 30, 39, 28, 10, 34, 27, 2, 20, 39, 28, 5, 22, 8, 39, 20, 16, 31, 2, 14, 27, 1, 13, 28, 39]
    PRED: [0]
    Edit distance: 33/33
  Sample 2:
    TRUE: [28, 24, 39, 27, 33, 20, 37, 39, 35, 17, 39, 21, 12, 8, 39, 16, 22, 39, 2, 22, 2, 6, 1, 29, 30, 39, 19, 2, 20, 33, 38, 2, 22, 39]
    PRED: [0]
    Edit distance: 34/34
  Sample 3:
    TRUE: [20, 3, 27, 17, 37, 39, 19, 0, 28, 30, 33, 21, 39, 22, 17, 8, 2, 8, 39, 6, 20, 1, 19, 39, 14, 20, 2, 34, 37, 39, 30, 33, 39, 6, 17, 39, 19, 2, 21, 26, 20, 17, 30, 20, 17, 39, 10, 20, 2, 14, 2, 22, 30, 39]
    PRED: [0]
    Edit distance: 53/54
  Sample 4:
    TRUE: [9, 2, 39, 30, 33, 31, 39, 13, 10, 27, 17, 39, 13, 11, 14, 0, 30, 39, 30, 33, 39, 19, 2, 21, 39, 35, 10, 22, 39, 27, 0, 18, 11, 37, 39, 30, 33, 31, 39, 13, 10, 20, 39, 4, 30, 39]
    PRED: [0]
    Edit distance: 45/46

============================================================
Batch 11500 | Val PER: 0.9871
============================================================
  Sample 0:
    TRUE: [31, 17, 0, 19, 27, 2, 28, 17, 39, 27, 17, 19, 2, 22, 28, 16, 8, 11, 8, 39]
    PRED: [0]
    Edit distance: 19/20
  Sample 1:
    TRUE: [27, 16, 7, 39, 26, 11, 7, 2, 28, 30, 39, 28, 10, 34, 27, 2, 20, 39, 28, 5, 22, 8, 39, 20, 16, 31, 2, 14, 27, 1, 13, 28, 39]
    PRED: [0]
    Edit distance: 33/33
  Sample 2:
    TRUE: [28, 24, 39, 27, 33, 20, 37, 39, 35, 17, 39, 21, 12, 8, 39, 16, 22, 39, 2, 22, 2, 6, 1, 29, 30, 39, 19, 2, 20, 33, 38, 2, 22, 39]
    PRED: [0]
    Edit distance: 34/34
  Sample 3:
    TRUE: [20, 3, 27, 17, 37, 39, 19, 0, 28, 30, 33, 21, 39, 22, 17, 8, 2, 8, 39, 6, 20, 1, 19, 39, 14, 20, 2, 34, 37, 39, 30, 33, 39, 6, 17, 39, 19, 2, 21, 26, 20, 17, 30, 20, 17, 39, 10, 20, 2, 14, 2, 22, 30, 39]
    PRED: [0]
    Edit distance: 53/54
  Sample 4:
    TRUE: [9, 2, 39, 30, 33, 31, 39, 13, 10, 27, 17, 39, 13, 11, 14, 0, 30, 39, 30, 33, 39, 19, 2, 21, 39, 35, 10, 22, 39, 27, 0, 18, 11, 37, 39, 30, 33, 31, 39, 13, 10, 20, 39, 4, 30, 39]
    PRED: [0]
    Edit distance: 45/46

============================================================
Batch 12000 | Val PER: 0.9871
============================================================
  Sample 0:
    TRUE: [31, 17, 0, 19, 27, 2, 28, 17, 39, 27, 17, 19, 2, 22, 28, 16, 8, 11, 8, 39]
    PRED: [0]
    Edit distance: 19/20
  Sample 1:
    TRUE: [27, 16, 7, 39, 26, 11, 7, 2, 28, 30, 39, 28, 10, 34, 27, 2, 20, 39, 28, 5, 22, 8, 39, 20, 16, 31, 2, 14, 27, 1, 13, 28, 39]
    PRED: [0]
    Edit distance: 33/33
  Sample 2:
    TRUE: [28, 24, 39, 27, 33, 20, 37, 39, 35, 17, 39, 21, 12, 8, 39, 16, 22, 39, 2, 22, 2, 6, 1, 29, 30, 39, 19, 2, 20, 33, 38, 2, 22, 39]
    PRED: [0]
    Edit distance: 34/34
  Sample 3:
    TRUE: [20, 3, 27, 17, 37, 39, 19, 0, 28, 30, 33, 21, 39, 22, 17, 8, 2, 8, 39, 6, 20, 1, 19, 39, 14, 20, 2, 34, 37, 39, 30, 33, 39, 6, 17, 39, 19, 2, 21, 26, 20, 17, 30, 20, 17, 39, 10, 20, 2, 14, 2, 22, 30, 39]
    PRED: [0]
    Edit distance: 53/54
  Sample 4:
    TRUE: [9, 2, 39, 30, 33, 31, 39, 13, 10, 27, 17, 39, 13, 11, 14, 0, 30, 39, 30, 33, 39, 19, 2, 21, 39, 35, 10, 22, 39, 27, 0, 18, 11, 37, 39, 30, 33, 31, 39, 13, 10, 20, 39, 4, 30, 39]
    PRED: [0]
    Edit distance: 45/46

============================================================
Batch 12500 | Val PER: 0.9871
============================================================
  Sample 0:
    TRUE: [31, 17, 0, 19, 27, 2, 28, 17, 39, 27, 17, 19, 2, 22, 28, 16, 8, 11, 8, 39]
    PRED: [0]
    Edit distance: 19/20
  Sample 1:
    TRUE: [27, 16, 7, 39, 26, 11, 7, 2, 28, 30, 39, 28, 10, 34, 27, 2, 20, 39, 28, 5, 22, 8, 39, 20, 16, 31, 2, 14, 27, 1, 13, 28, 39]
    PRED: [0]
    Edit distance: 33/33
  Sample 2:
    TRUE: [28, 24, 39, 27, 33, 20, 37, 39, 35, 17, 39, 21, 12, 8, 39, 16, 22, 39, 2, 22, 2, 6, 1, 29, 30, 39, 19, 2, 20, 33, 38, 2, 22, 39]
    PRED: [0]
    Edit distance: 34/34
  Sample 3:
    TRUE: [20, 3, 27, 17, 37, 39, 19, 0, 28, 30, 33, 21, 39, 22, 17, 8, 2, 8, 39, 6, 20, 1, 19, 39, 14, 20, 2, 34, 37, 39, 30, 33, 39, 6, 17, 39, 19, 2, 21, 26, 20, 17, 30, 20, 17, 39, 10, 20, 2, 14, 2, 22, 30, 39]
    PRED: [0]
    Edit distance: 53/54
  Sample 4:
    TRUE: [9, 2, 39, 30, 33, 31, 39, 13, 10, 27, 17, 39, 13, 11, 14, 0, 30, 39, 30, 33, 39, 19, 2, 21, 39, 35, 10, 22, 39, 27, 0, 18, 11, 37, 39, 30, 33, 31, 39, 13, 10, 20, 39, 4, 30, 39]
    PRED: [0]
    Edit distance: 45/46

============================================================
Batch 13000 | Val PER: 0.9871
============================================================
  Sample 0:
    TRUE: [31, 17, 0, 19, 27, 2, 28, 17, 39, 27, 17, 19, 2, 22, 28, 16, 8, 11, 8, 39]
    PRED: [0]
    Edit distance: 19/20
  Sample 1:
    TRUE: [27, 16, 7, 39, 26, 11, 7, 2, 28, 30, 39, 28, 10, 34, 27, 2, 20, 39, 28, 5, 22, 8, 39, 20, 16, 31, 2, 14, 27, 1, 13, 28, 39]
    PRED: [0]
    Edit distance: 33/33
  Sample 2:
    TRUE: [28, 24, 39, 27, 33, 20, 37, 39, 35, 17, 39, 21, 12, 8, 39, 16, 22, 39, 2, 22, 2, 6, 1, 29, 30, 39, 19, 2, 20, 33, 38, 2, 22, 39]
    PRED: [0]
    Edit distance: 34/34
  Sample 3:
    TRUE: [20, 3, 27, 17, 37, 39, 19, 0, 28, 30, 33, 21, 39, 22, 17, 8, 2, 8, 39, 6, 20, 1, 19, 39, 14, 20, 2, 34, 37, 39, 30, 33, 39, 6, 17, 39, 19, 2, 21, 26, 20, 17, 30, 20, 17, 39, 10, 20, 2, 14, 2, 22, 30, 39]
    PRED: [0]
    Edit distance: 53/54
  Sample 4:
    TRUE: [9, 2, 39, 30, 33, 31, 39, 13, 10, 27, 17, 39, 13, 11, 14, 0, 30, 39, 30, 33, 39, 19, 2, 21, 39, 35, 10, 22, 39, 27, 0, 18, 11, 37, 39, 30, 33, 31, 39, 13, 10, 20, 39, 4, 30, 39]
    PRED: [0]
    Edit distance: 45/46

============================================================
Batch 13500 | Val PER: 0.9871
============================================================
  Sample 0:
    TRUE: [31, 17, 0, 19, 27, 2, 28, 17, 39, 27, 17, 19, 2, 22, 28, 16, 8, 11, 8, 39]
    PRED: [0]
    Edit distance: 19/20
  Sample 1:
    TRUE: [27, 16, 7, 39, 26, 11, 7, 2, 28, 30, 39, 28, 10, 34, 27, 2, 20, 39, 28, 5, 22, 8, 39, 20, 16, 31, 2, 14, 27, 1, 13, 28, 39]
    PRED: [0]
    Edit distance: 33/33
  Sample 2:
    TRUE: [28, 24, 39, 27, 33, 20, 37, 39, 35, 17, 39, 21, 12, 8, 39, 16, 22, 39, 2, 22, 2, 6, 1, 29, 30, 39, 19, 2, 20, 33, 38, 2, 22, 39]
    PRED: [0]
    Edit distance: 34/34
  Sample 3:
    TRUE: [20, 3, 27, 17, 37, 39, 19, 0, 28, 30, 33, 21, 39, 22, 17, 8, 2, 8, 39, 6, 20, 1, 19, 39, 14, 20, 2, 34, 37, 39, 30, 33, 39, 6, 17, 39, 19, 2, 21, 26, 20, 17, 30, 20, 17, 39, 10, 20, 2, 14, 2, 22, 30, 39]
    PRED: [0]
    Edit distance: 53/54
  Sample 4:
    TRUE: [9, 2, 39, 30, 33, 31, 39, 13, 10, 27, 17, 39, 13, 11, 14, 0, 30, 39, 30, 33, 39, 19, 2, 21, 39, 35, 10, 22, 39, 27, 0, 18, 11, 37, 39, 30, 33, 31, 39, 13, 10, 20, 39, 4, 30, 39]
    PRED: [0]
    Edit distance: 45/46

============================================================
Batch 14000 | Val PER: 0.9871
============================================================
  Sample 0:
    TRUE: [31, 17, 0, 19, 27, 2, 28, 17, 39, 27, 17, 19, 2, 22, 28, 16, 8, 11, 8, 39]
    PRED: [0]
    Edit distance: 19/20
  Sample 1:
    TRUE: [27, 16, 7, 39, 26, 11, 7, 2, 28, 30, 39, 28, 10, 34, 27, 2, 20, 39, 28, 5, 22, 8, 39, 20, 16, 31, 2, 14, 27, 1, 13, 28, 39]
    PRED: [0]
    Edit distance: 33/33
  Sample 2:
    TRUE: [28, 24, 39, 27, 33, 20, 37, 39, 35, 17, 39, 21, 12, 8, 39, 16, 22, 39, 2, 22, 2, 6, 1, 29, 30, 39, 19, 2, 20, 33, 38, 2, 22, 39]
    PRED: [0]
    Edit distance: 34/34
  Sample 3:
    TRUE: [20, 3, 27, 17, 37, 39, 19, 0, 28, 30, 33, 21, 39, 22, 17, 8, 2, 8, 39, 6, 20, 1, 19, 39, 14, 20, 2, 34, 37, 39, 30, 33, 39, 6, 17, 39, 19, 2, 21, 26, 20, 17, 30, 20, 17, 39, 10, 20, 2, 14, 2, 22, 30, 39]
    PRED: [0]
    Edit distance: 53/54
  Sample 4:
    TRUE: [9, 2, 39, 30, 33, 31, 39, 13, 10, 27, 17, 39, 13, 11, 14, 0, 30, 39, 30, 33, 39, 19, 2, 21, 39, 35, 10, 22, 39, 27, 0, 18, 11, 37, 39, 30, 33, 31, 39, 13, 10, 20, 39, 4, 30, 39]
    PRED: [0]
    Edit distance: 45/46

============================================================
Batch 14500 | Val PER: 0.9871
============================================================
  Sample 0:
    TRUE: [31, 17, 0, 19, 27, 2, 28, 17, 39, 27, 17, 19, 2, 22, 28, 16, 8, 11, 8, 39]
    PRED: [0]
    Edit distance: 19/20
  Sample 1:
    TRUE: [27, 16, 7, 39, 26, 11, 7, 2, 28, 30, 39, 28, 10, 34, 27, 2, 20, 39, 28, 5, 22, 8, 39, 20, 16, 31, 2, 14, 27, 1, 13, 28, 39]
    PRED: [0]
    Edit distance: 33/33
  Sample 2:
    TRUE: [28, 24, 39, 27, 33, 20, 37, 39, 35, 17, 39, 21, 12, 8, 39, 16, 22, 39, 2, 22, 2, 6, 1, 29, 30, 39, 19, 2, 20, 33, 38, 2, 22, 39]
    PRED: [0]
    Edit distance: 34/34
  Sample 3:
    TRUE: [20, 3, 27, 17, 37, 39, 19, 0, 28, 30, 33, 21, 39, 22, 17, 8, 2, 8, 39, 6, 20, 1, 19, 39, 14, 20, 2, 34, 37, 39, 30, 33, 39, 6, 17, 39, 19, 2, 21, 26, 20, 17, 30, 20, 17, 39, 10, 20, 2, 14, 2, 22, 30, 39]
    PRED: [0]
    Edit distance: 53/54
  Sample 4:
    TRUE: [9, 2, 39, 30, 33, 31, 39, 13, 10, 27, 17, 39, 13, 11, 14, 0, 30, 39, 30, 33, 39, 19, 2, 21, 39, 35, 10, 22, 39, 27, 0, 18, 11, 37, 39, 30, 33, 31, 39, 13, 10, 20, 39, 4, 30, 39]
    PRED: [0]
    Edit distance: 45/46

============================================================
Batch 15000 | Val PER: 0.9871
============================================================
  Sample 0:
    TRUE: [31, 17, 0, 19, 27, 2, 28, 17, 39, 27, 17, 19, 2, 22, 28, 16, 8, 11, 8, 39]
    PRED: [0]
    Edit distance: 19/20
  Sample 1:
    TRUE: [27, 16, 7, 39, 26, 11, 7, 2, 28, 30, 39, 28, 10, 34, 27, 2, 20, 39, 28, 5, 22, 8, 39, 20, 16, 31, 2, 14, 27, 1, 13, 28, 39]
    PRED: [0]
    Edit distance: 33/33
  Sample 2:
    TRUE: [28, 24, 39, 27, 33, 20, 37, 39, 35, 17, 39, 21, 12, 8, 39, 16, 22, 39, 2, 22, 2, 6, 1, 29, 30, 39, 19, 2, 20, 33, 38, 2, 22, 39]
    PRED: [0]
    Edit distance: 34/34
  Sample 3:
    TRUE: [20, 3, 27, 17, 37, 39, 19, 0, 28, 30, 33, 21, 39, 22, 17, 8, 2, 8, 39, 6, 20, 1, 19, 39, 14, 20, 2, 34, 37, 39, 30, 33, 39, 6, 17, 39, 19, 2, 21, 26, 20, 17, 30, 20, 17, 39, 10, 20, 2, 14, 2, 22, 30, 39]
    PRED: [0]
    Edit distance: 53/54
  Sample 4:
    TRUE: [9, 2, 39, 30, 33, 31, 39, 13, 10, 27, 17, 39, 13, 11, 14, 0, 30, 39, 30, 33, 39, 19, 2, 21, 39, 35, 10, 22, 39, 27, 0, 18, 11, 37, 39, 30, 33, 31, 39, 13, 10, 20, 39, 4, 30, 39]
    PRED: [0]
    Edit distance: 45/46

============================================================
Batch 15500 | Val PER: 0.9871
============================================================
  Sample 0:
    TRUE: [31, 17, 0, 19, 27, 2, 28, 17, 39, 27, 17, 19, 2, 22, 28, 16, 8, 11, 8, 39]
    PRED: [0]
    Edit distance: 19/20
  Sample 1:
    TRUE: [27, 16, 7, 39, 26, 11, 7, 2, 28, 30, 39, 28, 10, 34, 27, 2, 20, 39, 28, 5, 22, 8, 39, 20, 16, 31, 2, 14, 27, 1, 13, 28, 39]
    PRED: [0]
    Edit distance: 33/33
  Sample 2:
    TRUE: [28, 24, 39, 27, 33, 20, 37, 39, 35, 17, 39, 21, 12, 8, 39, 16, 22, 39, 2, 22, 2, 6, 1, 29, 30, 39, 19, 2, 20, 33, 38, 2, 22, 39]
    PRED: [0]
    Edit distance: 34/34
  Sample 3:
    TRUE: [20, 3, 27, 17, 37, 39, 19, 0, 28, 30, 33, 21, 39, 22, 17, 8, 2, 8, 39, 6, 20, 1, 19, 39, 14, 20, 2, 34, 37, 39, 30, 33, 39, 6, 17, 39, 19, 2, 21, 26, 20, 17, 30, 20, 17, 39, 10, 20, 2, 14, 2, 22, 30, 39]
    PRED: [0]
    Edit distance: 53/54
  Sample 4:
    TRUE: [9, 2, 39, 30, 33, 31, 39, 13, 10, 27, 17, 39, 13, 11, 14, 0, 30, 39, 30, 33, 39, 19, 2, 21, 39, 35, 10, 22, 39, 27, 0, 18, 11, 37, 39, 30, 33, 31, 39, 13, 10, 20, 39, 4, 30, 39]
    PRED: [0]
    Edit distance: 45/46
