
============================================================
Batch 0 | Val PER: 0.9043
============================================================
  Sample 0:
    TRUE: [31, 17, 0, 19, 27, 2, 28, 17, 39, 27, 17, 19, 2, 22, 28, 16, 8, 11, 8, 39]
    PRED: [37, 33, 16, 29, 3, 37, 33, 5, 15, 11, 12, 17, 37, 38, 17]
    Edit distance: 20/20
  Sample 1:
    TRUE: [27, 16, 7, 39, 26, 11, 7, 2, 28, 30, 39, 28, 10, 34, 27, 2, 20, 39, 28, 5, 22, 8, 39, 20, 16, 31, 2, 14, 27, 1, 13, 28, 39]
    PRED: [5, 19, 14, 35, 19, 3, 25, 33, 18, 13, 22, 3, 33, 25, 27, 18, 12, 14, 36, 12]
    Edit distance: 31/33
  Sample 2:
    TRUE: [28, 24, 39, 27, 33, 20, 37, 39, 35, 17, 39, 21, 12, 8, 39, 16, 22, 39, 2, 22, 2, 6, 1, 29, 30, 39, 19, 2, 20, 33, 38, 2, 22, 39]
    PRED: [37, 28, 35, 26, 33, 36, 26, 37, 26, 35, 17, 30, 12, 10, 27, 36, 32, 3, 28, 25, 2, 37, 38]
    Edit distance: 28/34
  Sample 3:
    TRUE: [20, 3, 27, 17, 37, 39, 19, 0, 28, 30, 33, 21, 39, 22, 17, 8, 2, 8, 39, 6, 20, 1, 19, 39, 14, 20, 2, 34, 37, 39, 30, 33, 39, 6, 17, 39, 19, 2, 21, 26, 20, 17, 30, 20, 17, 39, 10, 20, 2, 14, 2, 22, 30, 39]
    PRED: [30, 14, 28, 36, 16, 20, 5, 20, 10, 27, 18, 27, 23, 5, 24, 27, 24, 12, 19, 9, 18, 20, 18, 15, 17, 38]
    Edit distance: 48/54
  Sample 4:
    TRUE: [9, 2, 39, 30, 33, 31, 39, 13, 10, 27, 17, 39, 13, 11, 14, 0, 30, 39, 30, 33, 39, 19, 2, 21, 39, 35, 10, 22, 39, 27, 0, 18, 11, 37, 39, 30, 33, 31, 39, 13, 10, 20, 39, 4, 30, 39]
    PRED: [33, 24, 34, 18, 28, 5, 18, 36, 27, 33, 21, 18, 17, 37, 25, 35, 13, 27, 13, 35, 33, 19, 35, 36, 3, 2, 10, 20, 24, 9, 37, 2, 21, 37, 18, 38]
    Edit distance: 43/46

============================================================
Batch 500 | Val PER: 0.5596
============================================================
  Sample 0:
    TRUE: [31, 17, 0, 19, 27, 2, 28, 17, 39, 27, 17, 19, 2, 22, 28, 16, 8, 11, 8, 39]
    PRED: [19, 39, 19, 22, 39, 36, 27, 39, 22, 39]
    Edit distance: 15/20
  Sample 1:
    TRUE: [27, 16, 7, 39, 26, 11, 7, 2, 28, 30, 39, 28, 10, 34, 27, 2, 20, 39, 28, 5, 22, 8, 39, 20, 16, 31, 2, 14, 27, 1, 13, 28, 39]
    PRED: [5, 30, 39, 15, 30, 39, 34, 39, 19, 39, 5, 34, 39]
    Edit distance: 26/33
  Sample 2:
    TRUE: [28, 24, 39, 27, 33, 20, 37, 39, 35, 17, 39, 21, 12, 8, 39, 16, 22, 39, 2, 22, 2, 6, 1, 29, 30, 39, 19, 2, 20, 33, 38, 2, 22, 39]
    PRED: [39, 20, 39, 39, 17, 30, 39, 30, 39, 12, 17, 39, 27, 39]
    Edit distance: 26/34
  Sample 3:
    TRUE: [20, 3, 27, 17, 37, 39, 19, 0, 28, 30, 33, 21, 39, 22, 17, 8, 2, 8, 39, 6, 20, 1, 19, 39, 14, 20, 2, 34, 37, 39, 30, 33, 39, 6, 17, 39, 19, 2, 21, 26, 20, 17, 30, 20, 17, 39, 10, 20, 2, 14, 2, 22, 30, 39]
    PRED: [27, 19, 39, 19, 1, 39, 22, 39, 19, 39, 2, 39, 33, 39, 39, 20, 39, 20, 2, 39]
    Edit distance: 36/54
  Sample 4:
    TRUE: [9, 2, 39, 30, 33, 31, 39, 13, 10, 27, 17, 39, 13, 11, 14, 0, 30, 39, 30, 33, 39, 19, 2, 21, 39, 35, 10, 22, 39, 27, 0, 18, 11, 37, 39, 30, 33, 31, 39, 13, 10, 20, 39, 4, 30, 39]
    PRED: [39, 11, 39, 39, 14, 19, 28, 30, 39, 33, 39, 21, 39, 22, 39, 27, 11, 8, 37, 39, 39, 33, 39, 30, 39, 39]
    Edit distance: 28/46

============================================================
Batch 500 | Val PER: 0.5556
============================================================
  Sample 0:
    TRUE: [31, 17, 0, 19, 27, 2, 28, 17, 39, 27, 17, 19, 2, 22, 28, 16, 8, 11, 8, 39]
    PRED: [0, 22, 39, 39, 22, 39, 39]
    Edit distance: 16/20
  Sample 1:
    TRUE: [27, 16, 7, 39, 26, 11, 7, 2, 28, 30, 39, 28, 10, 34, 27, 2, 20, 39, 28, 5, 22, 8, 39, 20, 16, 31, 2, 14, 27, 1, 13, 28, 39]
    PRED: [5, 19, 39, 15, 2, 30, 39, 34, 39, 1, 22, 39, 11, 39]
    Edit distance: 24/33
  Sample 2:
    TRUE: [28, 24, 39, 27, 33, 20, 37, 39, 35, 17, 39, 21, 12, 8, 39, 16, 22, 39, 2, 22, 2, 6, 1, 29, 30, 39, 19, 2, 20, 33, 38, 2, 22, 39]
    PRED: [39, 35, 20, 39, 35, 39, 22, 39, 22, 8, 39, 12, 37, 39, 39]
    Edit distance: 24/34
  Sample 3:
    TRUE: [20, 3, 27, 17, 37, 39, 19, 0, 28, 30, 33, 21, 39, 22, 17, 8, 2, 8, 39, 6, 20, 1, 19, 39, 14, 20, 2, 34, 37, 39, 30, 33, 39, 6, 17, 39, 19, 2, 21, 26, 20, 17, 30, 20, 17, 39, 10, 20, 2, 14, 2, 22, 30, 39]
    PRED: [17, 39, 19, 1, 26, 27, 34, 21, 39, 22, 39, 19, 39, 20, 39, 33, 39, 39, 2, 20, 39, 20, 2, 22, 39]
    Edit distance: 33/54
  Sample 4:
    TRUE: [9, 2, 39, 30, 33, 31, 39, 13, 10, 27, 17, 39, 13, 11, 14, 0, 30, 39, 30, 33, 39, 19, 2, 21, 39, 35, 10, 22, 39, 27, 0, 18, 11, 37, 39, 30, 33, 31, 39, 13, 10, 20, 39, 4, 30, 39]
    PRED: [39, 27, 11, 39, 39, 14, 30, 39, 33, 39, 21, 39, 22, 39, 22, 11, 37, 39, 39, 33, 39, 30, 39, 30, 39]
    Edit distance: 26/46

============================================================
Batch 500 | Val PER: 0.5725
============================================================
  Sample 0:
    TRUE: [31, 17, 0, 19, 27, 2, 28, 17, 39, 27, 17, 19, 2, 22, 28, 16, 8, 11, 8, 39]
    PRED: [22, 39, 39, 8, 39]
    Edit distance: 17/20
  Sample 1:
    TRUE: [27, 16, 7, 39, 26, 11, 7, 2, 28, 30, 39, 28, 10, 34, 27, 2, 20, 39, 28, 5, 22, 8, 39, 20, 16, 31, 2, 14, 27, 1, 13, 28, 39]
    PRED: [30, 39, 15, 2, 30, 39, 34, 39, 22, 8, 39, 11, 39]
    Edit distance: 23/33
  Sample 2:
    TRUE: [28, 24, 39, 27, 33, 20, 37, 39, 35, 17, 39, 21, 12, 8, 39, 16, 22, 39, 2, 22, 2, 6, 1, 29, 30, 39, 19, 2, 20, 33, 38, 2, 22, 39]
    PRED: [39, 39, 20, 39, 22, 39, 15, 22, 39, 22, 30, 39, 30, 28, 39, 39]
    Edit distance: 24/34
  Sample 3:
    TRUE: [20, 3, 27, 17, 37, 39, 19, 0, 28, 30, 33, 21, 39, 22, 17, 8, 2, 8, 39, 6, 20, 1, 19, 39, 14, 20, 2, 34, 37, 39, 30, 33, 39, 6, 17, 39, 19, 2, 21, 26, 20, 17, 30, 20, 17, 39, 10, 20, 2, 14, 2, 22, 30, 39]
    PRED: [17, 39, 19, 34, 39, 22, 39, 19, 39, 2, 34, 39, 2, 33, 39, 39, 2, 20, 39, 8, 39]
    Edit distance: 36/54
  Sample 4:
    TRUE: [9, 2, 39, 30, 33, 31, 39, 13, 10, 27, 17, 39, 13, 11, 14, 0, 30, 39, 30, 33, 39, 19, 2, 21, 39, 35, 10, 22, 39, 27, 0, 18, 11, 37, 39, 30, 33, 31, 39, 13, 10, 20, 39, 4, 30, 39]
    PRED: [39, 15, 27, 11, 39, 9, 39, 14, 30, 39, 33, 39, 21, 39, 22, 39, 11, 8, 39, 8, 33, 39, 33, 39, 30, 39, 30, 39]
    Edit distance: 27/46

============================================================
Batch 500 | Val PER: 0.5521
============================================================
  Sample 0:
    TRUE: [31, 17, 0, 19, 27, 2, 28, 17, 39, 27, 17, 19, 2, 22, 28, 16, 8, 11, 8, 39]
    PRED: [19, 14, 19, 22, 23, 39, 27, 39, 22, 39, 39]
    Edit distance: 15/20
  Sample 1:
    TRUE: [27, 16, 7, 39, 26, 11, 7, 2, 28, 30, 39, 28, 10, 34, 27, 2, 20, 39, 28, 5, 22, 8, 39, 20, 16, 31, 2, 14, 27, 1, 13, 28, 39]
    PRED: [5, 30, 39, 2, 30, 39, 30, 34, 39, 16, 22, 39, 16, 34, 11, 39]
    Edit distance: 23/33
  Sample 2:
    TRUE: [28, 24, 39, 27, 33, 20, 37, 39, 35, 17, 39, 21, 12, 8, 39, 16, 22, 39, 2, 22, 2, 6, 1, 29, 30, 39, 19, 2, 20, 33, 38, 2, 22, 39]
    PRED: [24, 39, 35, 20, 39, 35, 39, 22, 39, 22, 33, 39, 28, 39, 2, 39]
    Edit distance: 22/34
  Sample 3:
    TRUE: [20, 3, 27, 17, 37, 39, 19, 0, 28, 30, 33, 21, 39, 22, 17, 8, 2, 8, 39, 6, 20, 1, 19, 39, 14, 20, 2, 34, 37, 39, 30, 33, 39, 6, 17, 39, 19, 2, 21, 26, 20, 17, 30, 20, 17, 39, 10, 20, 2, 14, 2, 22, 30, 39]
    PRED: [27, 39, 19, 14, 1, 30, 26, 39, 6, 39, 21, 22, 39, 19, 39, 20, 39, 2, 39, 39, 9, 2, 20, 39, 20, 2, 39]
    Edit distance: 36/54
  Sample 4:
    TRUE: [9, 2, 39, 30, 33, 31, 39, 13, 10, 27, 17, 39, 13, 11, 14, 0, 30, 39, 30, 33, 39, 19, 2, 21, 39, 35, 10, 22, 39, 27, 0, 18, 11, 37, 39, 30, 33, 31, 39, 13, 10, 20, 39, 4, 30, 39]
    PRED: [39, 2, 11, 39, 39, 35, 14, 19, 30, 39, 39, 21, 39, 22, 39, 27, 30, 8, 39, 39, 24, 39, 30, 39, 30, 39]
    Edit distance: 29/46

============================================================
Batch 500 | Val PER: 0.5627
============================================================
  Sample 0:
    TRUE: [31, 17, 0, 19, 27, 2, 28, 17, 39, 27, 17, 19, 2, 22, 28, 16, 8, 11, 8, 39]
    PRED: [19, 22, 39, 30, 39, 22, 39]
    Edit distance: 16/20
  Sample 1:
    TRUE: [27, 16, 7, 39, 26, 11, 7, 2, 28, 30, 39, 28, 10, 34, 27, 2, 20, 39, 28, 5, 22, 8, 39, 20, 16, 31, 2, 14, 27, 1, 13, 28, 39]
    PRED: [19, 39, 2, 30, 39, 34, 39, 1, 22, 39, 20, 11, 39]
    Edit distance: 23/33
  Sample 2:
    TRUE: [28, 24, 39, 27, 33, 20, 37, 39, 35, 17, 39, 21, 12, 8, 39, 16, 22, 39, 2, 22, 2, 6, 1, 29, 30, 39, 19, 2, 20, 33, 38, 2, 22, 39]
    PRED: [39, 20, 39, 39, 22, 39, 22, 30, 39, 22, 20, 28, 39, 38, 11, 39]
    Edit distance: 23/34
  Sample 3:
    TRUE: [20, 3, 27, 17, 37, 39, 19, 0, 28, 30, 33, 21, 39, 22, 17, 8, 2, 8, 39, 6, 20, 1, 19, 39, 14, 20, 2, 34, 37, 39, 30, 33, 39, 6, 17, 39, 19, 2, 21, 26, 20, 17, 30, 20, 17, 39, 10, 20, 2, 14, 2, 22, 30, 39]
    PRED: [2, 17, 39, 19, 1, 19, 34, 39, 22, 30, 39, 19, 39, 20, 2, 30, 39, 39, 39, 9, 2, 20, 39, 20, 39]
    Edit distance: 36/54
  Sample 4:
    TRUE: [9, 2, 39, 30, 33, 31, 39, 13, 10, 27, 17, 39, 13, 11, 14, 0, 30, 39, 30, 33, 39, 19, 2, 21, 39, 35, 10, 22, 39, 27, 0, 18, 11, 37, 39, 30, 33, 31, 39, 13, 10, 20, 39, 4, 30, 39]
    PRED: [39, 15, 27, 11, 39, 39, 27, 14, 19, 30, 39, 33, 39, 21, 39, 22, 39, 20, 11, 30, 39, 39, 33, 24, 11, 39, 30, 39, 22, 39]
    Edit distance: 29/46
