
============================================================
Batch 0 | Val PER: 1.6017
============================================================
  Sample 0:
    TRUE: [31, 17, 0, 19, 27, 2, 28, 17, 39, 27, 17, 19, 2, 22, 28, 16, 8, 11, 8, 39]
    PRED: [0, 13, 6, 25, 3, 5, 14, 34, 23, 39, 34, 23, 30, 15, 34, 20, 8, 25, 37, 6, 0, 1, 38, 39, 28, 0, 12, 21, 12, 37, 32, 29, 13, 29, 4, 19, 5, 32, 28, 29, 4, 39]
    Edit distance: 39/20
  Sample 1:
    TRUE: [27, 16, 7, 39, 26, 11, 7, 2, 28, 30, 39, 28, 10, 34, 27, 2, 20, 39, 28, 5, 22, 8, 39, 20, 16, 31, 2, 14, 27, 1, 13, 28, 39]
    PRED: [37, 0, 24, 0, 25, 19, 38, 15, 38, 13, 20, 15, 8, 5, 9, 36, 34, 12, 20, 0, 8, 12, 8, 28, 34, 38, 22, 28, 25, 3, 25, 7, 6, 5, 38, 23, 12, 28, 25, 12, 15, 7, 14, 25, 6, 38, 33, 13, 29, 22, 4, 38, 34, 0, 38, 6, 19, 38, 7, 29, 28, 3, 18, 30, 4, 27, 19, 4]
    Edit distance: 62/33
  Sample 2:
    TRUE: [28, 24, 39, 27, 33, 20, 37, 39, 35, 17, 39, 21, 12, 8, 39, 16, 22, 39, 2, 22, 2, 6, 1, 29, 30, 39, 19, 2, 20, 33, 38, 2, 22, 39]
    PRED: [2, 13, 12, 20, 36, 20, 7, 8, 38, 12, 28, 23, 3, 25, 34, 9, 14, 39, 9, 15, 12, 6, 25, 38, 15, 27, 11, 15, 12, 33, 16, 9, 33, 39, 1, 13, 28, 24, 1, 24, 15, 39, 20, 2, 27, 20, 24, 17, 15, 20, 5, 23, 32, 18, 3, 36, 20, 25, 0, 9, 21, 7, 34, 28, 32, 36, 2, 39, 20, 39, 28, 7, 0, 8, 19, 5, 24, 28, 26, 29, 15, 28, 30, 22, 3, 39, 4]
    Edit distance: 75/34
  Sample 3:
    TRUE: [20, 3, 27, 17, 37, 39, 19, 0, 28, 30, 33, 21, 39, 22, 17, 8, 2, 8, 39, 6, 20, 1, 19, 39, 14, 20, 2, 34, 37, 39, 30, 33, 39, 6, 17, 39, 19, 2, 21, 26, 20, 17, 30, 20, 17, 39, 10, 20, 2, 14, 2, 22, 30, 39]
    PRED: [32, 1, 11, 15, 1, 7, 38, 25, 38, 25, 14, 38, 3, 38, 12, 3, 15, 38, 15, 38, 18, 28, 9, 39, 13, 11, 13, 11, 25, 17, 17, 12, 24, 12, 15, 20, 28, 38, 24, 12, 38, 2, 29, 0, 33, 18, 11, 34, 25, 7, 14, 9, 15, 25, 7, 39, 17, 6, 28, 14, 12, 22, 29, 25, 1, 35, 23, 27, 31, 17, 15, 31, 6, 37, 6, 10, 38, 28, 33, 28, 4, 32, 6, 23, 5, 23, 20, 0, 34, 23, 34, 25, 34, 28, 21, 32, 39, 29, 28, 32, 1, 19, 9, 39, 19, 39]
    Edit distance: 94/54
  Sample 4:
    TRUE: [9, 2, 39, 30, 33, 31, 39, 13, 10, 27, 17, 39, 13, 11, 14, 0, 30, 39, 30, 33, 39, 19, 2, 21, 39, 35, 10, 22, 39, 27, 0, 18, 11, 37, 39, 30, 33, 31, 39, 13, 10, 20, 39, 4, 30, 39]
    PRED: [23, 12, 36, 38, 12, 16, 7, 14, 34, 7, 37, 34, 0, 25, 36, 28, 4, 3, 4, 23, 7, 35, 28, 19, 39, 4, 9, 28, 25, 11, 38, 17, 25, 5, 25, 20, 25, 6, 20, 4, 23, 10, 5, 38, 0, 20, 25, 5, 7, 24, 10, 15, 5, 7, 29, 4, 5, 13, 15, 28, 10, 15, 7, 33, 5, 22, 39, 28, 39, 20, 16, 5, 32, 15, 14, 7, 32, 16, 32, 0, 8, 19, 6, 4, 22, 39, 25, 28, 39, 28, 5, 21, 29, 25, 15, 7, 28, 36, 5, 2, 7, 30, 28, 9, 28, 32, 19, 9, 13, 19, 4, 19, 32]
    Edit distance: 103/46

============================================================
Batch 500 | Val PER: 0.7201
============================================================
  Sample 0:
    TRUE: [31, 17, 0, 19, 27, 2, 28, 17, 39, 27, 17, 19, 2, 22, 28, 16, 8, 11, 8, 39]
    PRED: [39, 2, 39, 2, 39, 2, 39, 2, 39, 2, 39, 2, 39, 2]
    Edit distance: 17/20
  Sample 1:
    TRUE: [27, 16, 7, 39, 26, 11, 7, 2, 28, 30, 39, 28, 10, 34, 27, 2, 20, 39, 28, 5, 22, 8, 39, 20, 16, 31, 2, 14, 27, 1, 13, 28, 39]
    PRED: [39, 2, 39, 2, 39, 2, 39, 2, 39, 2, 39, 2, 39, 2, 39, 2, 39, 39, 2, 39]
    Edit distance: 25/33
  Sample 2:
    TRUE: [28, 24, 39, 27, 33, 20, 37, 39, 35, 17, 39, 21, 12, 8, 39, 16, 22, 39, 2, 22, 2, 6, 1, 29, 30, 39, 19, 2, 20, 33, 38, 2, 22, 39]
    PRED: [39, 2, 39, 2, 39, 2, 39, 2, 39, 2, 39, 2, 39, 2, 39, 2, 39, 39, 2, 39]
    Edit distance: 23/34
  Sample 3:
    TRUE: [20, 3, 27, 17, 37, 39, 19, 0, 28, 30, 33, 21, 39, 22, 17, 8, 2, 8, 39, 6, 20, 1, 19, 39, 14, 20, 2, 34, 37, 39, 30, 33, 39, 6, 17, 39, 19, 2, 21, 26, 20, 17, 30, 20, 17, 39, 10, 20, 2, 14, 2, 22, 30, 39]
    PRED: [39, 2, 39, 2, 39, 2, 39, 2, 39, 2, 39, 2, 39, 2, 39, 2, 39, 39, 2, 39, 2, 39, 39, 39]
    Edit distance: 40/54
  Sample 4:
    TRUE: [9, 2, 39, 30, 33, 31, 39, 13, 10, 27, 17, 39, 13, 11, 14, 0, 30, 39, 30, 33, 39, 19, 2, 21, 39, 35, 10, 22, 39, 27, 0, 18, 11, 37, 39, 30, 33, 31, 39, 13, 10, 20, 39, 4, 30, 39]
    PRED: [39, 2, 39, 2, 39, 2, 39, 2, 39, 2, 39, 2, 39, 2, 39, 2, 39, 39, 2, 39, 2, 39, 39, 39, 39, 39, 2, 39]
    Edit distance: 33/46

============================================================
Batch 1000 | Val PER: 0.7256
============================================================
  Sample 0:
    TRUE: [31, 17, 0, 19, 27, 2, 28, 17, 39, 27, 17, 19, 2, 22, 28, 16, 8, 11, 8, 39]
    PRED: [16, 39, 16, 39, 2, 39, 2, 39, 2, 2, 39]
    Edit distance: 16/20
  Sample 1:
    TRUE: [27, 16, 7, 39, 26, 11, 7, 2, 28, 30, 39, 28, 10, 34, 27, 2, 20, 39, 28, 5, 22, 8, 39, 20, 16, 31, 2, 14, 27, 1, 13, 28, 39]
    PRED: [16, 39, 16, 39, 2, 39, 2, 39, 2, 2, 39, 39, 16, 39, 39]
    Edit distance: 24/33
  Sample 2:
    TRUE: [28, 24, 39, 27, 33, 20, 37, 39, 35, 17, 39, 21, 12, 8, 39, 16, 22, 39, 2, 22, 2, 6, 1, 29, 30, 39, 19, 2, 20, 33, 38, 2, 22, 39]
    PRED: [16, 39, 16, 39, 2, 39, 2, 39, 2, 2, 39, 39, 16, 39, 39]
    Edit distance: 26/34
  Sample 3:
    TRUE: [20, 3, 27, 17, 37, 39, 19, 0, 28, 30, 33, 21, 39, 22, 17, 8, 2, 8, 39, 6, 20, 1, 19, 39, 14, 20, 2, 34, 37, 39, 30, 33, 39, 6, 17, 39, 19, 2, 21, 26, 20, 17, 30, 20, 17, 39, 10, 20, 2, 14, 2, 22, 30, 39]
    PRED: [16, 39, 16, 39, 2, 39, 2, 39, 2, 2, 39, 39, 16, 39, 39, 2]
    Edit distance: 43/54
  Sample 4:
    TRUE: [9, 2, 39, 30, 33, 31, 39, 13, 10, 27, 17, 39, 13, 11, 14, 0, 30, 39, 30, 33, 39, 19, 2, 21, 39, 35, 10, 22, 39, 27, 0, 18, 11, 37, 39, 30, 33, 31, 39, 13, 10, 20, 39, 4, 30, 39]
    PRED: [16, 39, 16, 39, 2, 39, 2, 39, 2, 2, 39, 39, 16, 39, 39, 2, 2, 39, 39]
    Edit distance: 35/46

============================================================
Batch 1500 | Val PER: 0.6989
============================================================
  Sample 0:
    TRUE: [31, 17, 0, 19, 27, 2, 28, 17, 39, 27, 17, 19, 2, 22, 28, 16, 8, 11, 8, 39]
    PRED: [5, 39, 22, 16, 23, 39, 39, 2, 16, 22, 39]
    Edit distance: 16/20
  Sample 1:
    TRUE: [27, 16, 7, 39, 26, 11, 7, 2, 28, 30, 39, 28, 10, 34, 27, 2, 20, 39, 28, 5, 22, 8, 39, 20, 16, 31, 2, 14, 27, 1, 13, 28, 39]
    PRED: [2, 21, 39, 2, 2, 22, 39, 2, 22, 39, 2, 2, 22, 39, 2, 39, 39, 2, 22, 39]
    Edit distance: 24/33
  Sample 2:
    TRUE: [28, 24, 39, 27, 33, 20, 37, 39, 35, 17, 39, 21, 12, 8, 39, 16, 22, 39, 2, 22, 2, 6, 1, 29, 30, 39, 19, 2, 20, 33, 38, 2, 22, 39]
    PRED: [5, 39, 39, 2, 39, 2, 39, 2, 22, 39, 22, 2, 20, 39, 39, 2, 23, 8, 39]
    Edit distance: 23/34
  Sample 3:
    TRUE: [20, 3, 27, 17, 37, 39, 19, 0, 28, 30, 33, 21, 39, 22, 17, 8, 2, 8, 39, 6, 20, 1, 19, 39, 14, 20, 2, 34, 37, 39, 30, 33, 39, 6, 17, 39, 19, 2, 21, 26, 20, 17, 30, 20, 17, 39, 10, 20, 2, 14, 2, 22, 30, 39]
    PRED: [5, 39, 39, 2, 2, 22, 22, 2, 22, 2, 22, 2, 23, 39, 2, 39, 2, 2, 2, 22, 2, 39, 16, 2, 22, 39]
    Edit distance: 43/54
  Sample 4:
    TRUE: [9, 2, 39, 30, 33, 31, 39, 13, 10, 27, 17, 39, 13, 11, 14, 0, 30, 39, 30, 33, 39, 19, 2, 21, 39, 35, 10, 22, 39, 27, 0, 18, 11, 37, 39, 30, 33, 31, 39, 13, 10, 20, 39, 4, 30, 39]
    PRED: [5, 39, 2, 39, 2, 39, 2, 23, 39, 2, 39, 39, 2, 39, 2, 2, 22, 39, 30, 39]
    Edit distance: 35/46

============================================================
Batch 2000 | Val PER: 0.4656
============================================================
  Sample 0:
    TRUE: [31, 17, 0, 19, 27, 2, 28, 17, 39, 27, 17, 19, 2, 22, 28, 16, 8, 11, 8, 39]
    PRED: [9, 16, 19, 2, 39, 16, 2, 22, 2, 22, 39]
    Edit distance: 14/20
  Sample 1:
    TRUE: [27, 16, 7, 39, 26, 11, 7, 2, 28, 30, 39, 28, 10, 34, 27, 2, 20, 39, 28, 5, 22, 8, 39, 20, 16, 31, 2, 14, 27, 1, 13, 28, 39]
    PRED: [6, 1, 19, 39, 26, 2, 19, 2, 39, 1, 34, 20, 39, 1, 22, 39, 16, 39, 10, 2, 39]
    Edit distance: 22/33
  Sample 2:
    TRUE: [28, 24, 39, 27, 33, 20, 37, 39, 35, 17, 39, 21, 12, 8, 39, 16, 22, 39, 2, 22, 2, 6, 1, 29, 30, 39, 19, 2, 20, 33, 38, 2, 22, 39]
    PRED: [2, 39, 2, 20, 20, 39, 35, 17, 39, 6, 2, 39, 16, 22, 39, 2, 22, 26, 2, 2, 39, 8, 2, 2, 2, 22, 39]
    Edit distance: 17/34
  Sample 3:
    TRUE: [20, 3, 27, 17, 37, 39, 19, 0, 28, 30, 33, 21, 39, 22, 17, 8, 2, 8, 39, 6, 20, 1, 19, 39, 14, 20, 2, 34, 37, 39, 30, 33, 39, 6, 17, 39, 19, 2, 21, 26, 20, 17, 30, 20, 17, 39, 10, 20, 2, 14, 2, 22, 30, 39]
    PRED: [24, 17, 39, 19, 1, 30, 2, 21, 39, 16, 8, 39, 21, 2, 19, 39, 10, 20, 2, 39, 30, 33, 39, 6, 17, 39, 21, 2, 39, 2, 20, 2, 22, 39]
    Edit distance: 29/54
  Sample 4:
    TRUE: [9, 2, 39, 30, 33, 31, 39, 13, 10, 27, 17, 39, 13, 11, 14, 0, 30, 39, 30, 33, 39, 19, 2, 21, 39, 35, 10, 22, 39, 27, 0, 18, 11, 37, 39, 30, 33, 31, 39, 13, 10, 20, 39, 4, 30, 39]
    PRED: [9, 2, 39, 28, 2, 20, 39, 12, 17, 39, 13, 11, 30, 2, 19, 39, 30, 33, 39, 30, 0, 21, 39, 2, 22, 39, 2, 20, 2, 39, 8, 33, 39, 5, 39, 1, 30, 39]
    Edit distance: 24/46

============================================================
Batch 2500 | Val PER: 0.4160
============================================================
  Sample 0:
    TRUE: [31, 17, 0, 19, 27, 2, 28, 17, 39, 27, 17, 19, 2, 22, 28, 16, 8, 11, 8, 39]
    PRED: [9, 10, 19, 2, 39, 36, 16, 39, 19, 10, 39]
    Edit distance: 15/20
  Sample 1:
    TRUE: [27, 16, 7, 39, 26, 11, 7, 2, 28, 30, 39, 28, 10, 34, 27, 2, 20, 39, 28, 5, 22, 8, 39, 20, 16, 31, 2, 14, 27, 1, 13, 28, 39]
    PRED: [10, 19, 39, 26, 3, 2, 39, 28, 2, 34, 2, 20, 39, 28, 10, 2, 22, 39, 31, 16, 27, 9, 2, 39, 0, 39]
    Edit distance: 20/33
  Sample 2:
    TRUE: [28, 24, 39, 27, 33, 20, 37, 39, 35, 17, 39, 21, 12, 8, 39, 16, 22, 39, 2, 22, 2, 6, 1, 29, 30, 39, 19, 2, 20, 33, 38, 2, 22, 39]
    PRED: [9, 2, 39, 0, 39, 21, 5, 39, 21, 4, 8, 39, 16, 22, 39, 2, 22, 2, 39, 19, 3, 20, 20, 33, 2, 22, 39]
    Edit distance: 16/34
  Sample 3:
    TRUE: [20, 3, 27, 17, 37, 39, 19, 0, 28, 30, 33, 21, 39, 22, 17, 8, 2, 8, 39, 6, 20, 1, 19, 39, 14, 20, 2, 34, 37, 39, 30, 33, 39, 6, 17, 39, 19, 2, 21, 26, 20, 17, 30, 20, 17, 39, 10, 20, 2, 14, 2, 22, 30, 39]
    PRED: [9, 10, 27, 37, 39, 28, 1, 2, 21, 39, 28, 10, 39, 21, 0, 39, 30, 2, 39, 30, 33, 39, 6, 17, 39, 2, 26, 16, 30, 20, 39, 10, 20, 20, 2, 22, 39]
    Edit distance: 28/54
  Sample 4:
    TRUE: [9, 2, 39, 30, 33, 31, 39, 13, 10, 27, 17, 39, 13, 11, 14, 0, 30, 39, 30, 33, 39, 19, 2, 21, 39, 35, 10, 22, 39, 27, 0, 18, 11, 37, 39, 30, 33, 31, 39, 13, 10, 20, 39, 4, 30, 39]
    PRED: [9, 2, 39, 28, 33, 39, 27, 10, 17, 39, 26, 16, 14, 2, 39, 30, 33, 39, 19, 2, 21, 39, 13, 2, 39, 27, 10, 39, 39, 5, 39, 4, 30, 39]
    Edit distance: 21/46

============================================================
Batch 3000 | Val PER: 0.3618
============================================================
  Sample 0:
    TRUE: [31, 17, 0, 19, 27, 2, 28, 17, 39, 27, 17, 19, 2, 22, 28, 16, 8, 11, 8, 39]
    PRED: [19, 12, 19, 2, 28, 39, 35, 17, 14, 10, 2, 8, 39]
    Edit distance: 13/20
  Sample 1:
    TRUE: [27, 16, 7, 39, 26, 11, 7, 2, 28, 30, 39, 28, 10, 34, 27, 2, 20, 39, 28, 5, 22, 8, 39, 20, 16, 31, 2, 14, 27, 1, 13, 28, 39]
    PRED: [19, 12, 19, 39, 26, 25, 7, 2, 17, 39, 2, 34, 2, 11, 39, 28, 16, 2, 22, 39, 31, 16, 23, 2, 5, 39]
    Edit distance: 20/33
  Sample 2:
    TRUE: [28, 24, 39, 27, 33, 20, 37, 39, 35, 17, 39, 21, 12, 8, 39, 16, 22, 39, 2, 22, 2, 6, 1, 29, 30, 39, 19, 2, 20, 33, 38, 2, 22, 39]
    PRED: [17, 39, 35, 16, 20, 37, 39, 35, 17, 39, 21, 16, 22, 39, 16, 22, 39, 16, 22, 34, 5, 28, 39, 19, 16, 38, 2, 22, 39]
    Edit distance: 15/34
  Sample 3:
    TRUE: [20, 3, 27, 17, 37, 39, 19, 0, 28, 30, 33, 21, 39, 22, 17, 8, 2, 8, 39, 6, 20, 1, 19, 39, 14, 20, 2, 34, 37, 39, 30, 33, 39, 6, 17, 39, 19, 2, 21, 26, 20, 17, 30, 20, 17, 39, 10, 20, 2, 14, 2, 22, 30, 39]
    PRED: [35, 10, 17, 39, 15, 1, 15, 2, 21, 39, 8, 16, 8, 39, 21, 12, 19, 39, 2, 34, 39, 30, 33, 39, 21, 17, 39, 2, 21, 10, 30, 11, 39, 16, 20, 22, 8, 39]
    Edit distance: 30/54
  Sample 4:
    TRUE: [9, 2, 39, 30, 33, 31, 39, 13, 10, 27, 17, 39, 13, 11, 14, 0, 30, 39, 30, 33, 39, 19, 2, 21, 39, 35, 10, 22, 39, 27, 0, 18, 11, 37, 39, 30, 33, 31, 39, 13, 10, 20, 39, 4, 30, 39]
    PRED: [9, 2, 39, 28, 33, 39, 34, 10, 12, 17, 39, 35, 16, 14, 4, 30, 39, 30, 33, 39, 15, 2, 21, 39, 35, 2, 22, 39, 35, 5, 11, 39, 9, 2, 39, 13, 5, 30, 39, 4, 39]
    Edit distance: 19/46

============================================================
Batch 3500 | Val PER: 0.3336
============================================================
  Sample 0:
    TRUE: [31, 17, 0, 19, 27, 2, 28, 17, 39, 27, 17, 19, 2, 22, 28, 16, 8, 11, 8, 39]
    PRED: [10, 2, 39, 16, 19, 2, 8, 17, 39]
    Edit distance: 14/20
  Sample 1:
    TRUE: [27, 16, 7, 39, 26, 11, 7, 2, 28, 30, 39, 28, 10, 34, 27, 2, 20, 39, 28, 5, 22, 8, 39, 20, 16, 31, 2, 14, 27, 1, 13, 28, 39]
    PRED: [16, 19, 39, 26, 11, 7, 2, 39, 16, 34, 2, 20, 39, 28, 16, 22, 2, 22, 39, 20, 16, 28, 2, 18, 2, 13, 39]
    Edit distance: 15/33
  Sample 2:
    TRUE: [28, 24, 39, 27, 33, 20, 37, 39, 35, 17, 39, 21, 12, 8, 39, 16, 22, 39, 2, 22, 2, 6, 1, 29, 30, 39, 19, 2, 20, 33, 38, 2, 22, 39]
    PRED: [9, 3, 39, 16, 38, 39, 35, 17, 39, 21, 10, 22, 39, 16, 22, 39, 16, 22, 6, 5, 29, 39, 16, 20, 29, 2, 22, 39]
    Edit distance: 16/34
  Sample 3:
    TRUE: [20, 3, 27, 17, 37, 39, 19, 0, 28, 30, 33, 21, 39, 22, 17, 8, 2, 8, 39, 6, 20, 1, 19, 39, 14, 20, 2, 34, 37, 39, 30, 33, 39, 6, 17, 39, 19, 2, 21, 26, 20, 17, 30, 20, 17, 39, 10, 20, 2, 14, 2, 22, 30, 39]
    PRED: [35, 10, 27, 39, 19, 4, 28, 2, 21, 39, 22, 16, 8, 17, 39, 21, 16, 19, 39, 22, 2, 34, 39, 30, 33, 39, 6, 17, 39, 30, 0, 21, 26, 2, 30, 17, 39, 16, 2, 20, 2, 8, 39]
    Edit distance: 26/54
  Sample 4:
    TRUE: [9, 2, 39, 30, 33, 31, 39, 13, 10, 27, 17, 39, 13, 11, 14, 0, 30, 39, 30, 33, 39, 19, 2, 21, 39, 35, 10, 22, 39, 27, 0, 18, 11, 37, 39, 30, 33, 31, 39, 13, 10, 20, 39, 4, 30, 39]
    PRED: [9, 2, 39, 30, 33, 31, 39, 34, 10, 12, 39, 13, 16, 14, 2, 39, 30, 33, 39, 15, 24, 21, 39, 35, 10, 22, 39, 27, 11, 11, 39, 30, 33, 39, 13, 12, 39, 4, 30, 39]
    Edit distance: 14/46

============================================================
Batch 4000 | Val PER: 0.3150
============================================================
  Sample 0:
    TRUE: [31, 17, 0, 19, 27, 2, 28, 17, 39, 27, 17, 19, 2, 22, 28, 16, 8, 11, 8, 39]
    PRED: [9, 10, 19, 2, 28, 39, 8, 16, 19, 0, 8, 2, 39]
    Edit distance: 13/20
  Sample 1:
    TRUE: [27, 16, 7, 39, 26, 11, 7, 2, 28, 30, 39, 28, 10, 34, 27, 2, 20, 39, 28, 5, 22, 8, 39, 20, 16, 31, 2, 14, 27, 1, 13, 28, 39]
    PRED: [30, 1, 19, 39, 26, 25, 28, 2, 39, 10, 34, 2, 20, 39, 8, 2, 37, 8, 2, 8, 39, 20, 16, 28, 2, 8, 2, 13, 39]
    Edit distance: 19/33
  Sample 2:
    TRUE: [28, 24, 39, 27, 33, 20, 37, 39, 35, 17, 39, 21, 12, 8, 39, 16, 22, 39, 2, 22, 2, 6, 1, 29, 30, 39, 19, 2, 20, 33, 38, 2, 22, 39]
    PRED: [9, 12, 39, 27, 17, 20, 37, 39, 6, 17, 39, 21, 5, 8, 39, 16, 22, 39, 2, 22, 2, 6, 2, 28, 30, 39, 19, 2, 20, 33, 38, 2, 22, 39]
    Edit distance: 7/34
  Sample 3:
    TRUE: [20, 3, 27, 17, 37, 39, 19, 0, 28, 30, 33, 21, 39, 22, 17, 8, 2, 8, 39, 6, 20, 1, 19, 39, 14, 20, 2, 34, 37, 39, 30, 33, 39, 6, 17, 39, 19, 2, 21, 26, 20, 17, 30, 20, 17, 39, 10, 20, 2, 14, 2, 22, 30, 39]
    PRED: [35, 10, 27, 37, 39, 19, 1, 28, 2, 21, 39, 22, 12, 8, 39, 21, 2, 19, 39, 22, 2, 34, 39, 30, 33, 39, 6, 17, 39, 2, 21, 26, 10, 30, 2, 39, 16, 20, 2, 20, 2, 22, 39]
    Edit distance: 23/54
  Sample 4:
    TRUE: [9, 2, 39, 30, 33, 31, 39, 13, 10, 27, 17, 39, 13, 11, 14, 0, 30, 39, 30, 33, 39, 19, 2, 21, 39, 35, 10, 22, 39, 27, 0, 18, 11, 37, 39, 30, 33, 31, 39, 13, 10, 20, 39, 4, 30, 39]
    PRED: [9, 2, 39, 30, 33, 28, 39, 34, 10, 27, 2, 39, 27, 2, 30, 0, 39, 30, 33, 39, 19, 2, 21, 39, 35, 10, 22, 39, 27, 2, 11, 39, 33, 28, 39, 13, 5, 39, 4, 30, 39]
    Edit distance: 14/46

============================================================
Batch 4500 | Val PER: 0.2928
============================================================
  Sample 0:
    TRUE: [31, 17, 0, 19, 27, 2, 28, 17, 39, 27, 17, 19, 2, 22, 28, 16, 8, 11, 8, 39]
    PRED: [19, 10, 0, 19, 11, 39, 8, 16, 19, 19, 2, 8, 12, 30, 11, 39]
    Edit distance: 14/20
  Sample 1:
    TRUE: [27, 16, 7, 39, 26, 11, 7, 2, 28, 30, 39, 28, 10, 34, 27, 2, 20, 39, 28, 5, 22, 8, 39, 20, 16, 31, 2, 14, 27, 1, 13, 28, 39]
    PRED: [30, 27, 16, 19, 39, 26, 25, 7, 39, 28, 10, 34, 2, 20, 39, 28, 2, 8, 39, 20, 16, 28, 11, 14, 16, 13, 39]
    Edit distance: 14/33
  Sample 2:
    TRUE: [28, 24, 39, 27, 33, 20, 37, 39, 35, 17, 39, 21, 12, 8, 39, 16, 22, 39, 2, 22, 2, 6, 1, 29, 30, 39, 19, 2, 20, 33, 38, 2, 22, 39]
    PRED: [9, 2, 39, 27, 17, 20, 37, 39, 35, 17, 39, 6, 16, 8, 39, 16, 22, 39, 2, 22, 11, 6, 1, 29, 39, 19, 16, 20, 33, 2, 22, 39]
    Edit distance: 9/34
  Sample 3:
    TRUE: [20, 3, 27, 17, 37, 39, 19, 0, 28, 30, 33, 21, 39, 22, 17, 8, 2, 8, 39, 6, 20, 1, 19, 39, 14, 20, 2, 34, 37, 39, 30, 33, 39, 6, 17, 39, 19, 2, 21, 26, 20, 17, 30, 20, 17, 39, 10, 20, 2, 14, 2, 22, 30, 39]
    PRED: [19, 32, 27, 39, 19, 1, 2, 21, 39, 22, 16, 8, 39, 6, 16, 19, 39, 20, 2, 13, 39, 30, 33, 39, 6, 17, 39, 28, 2, 21, 26, 26, 20, 16, 30, 39, 16, 20, 2, 22, 39]
    Edit distance: 25/54
  Sample 4:
    TRUE: [9, 2, 39, 30, 33, 31, 39, 13, 10, 27, 17, 39, 13, 11, 14, 0, 30, 39, 30, 33, 39, 19, 2, 21, 39, 35, 10, 22, 39, 27, 0, 18, 11, 37, 39, 30, 33, 31, 39, 13, 10, 20, 39, 4, 30, 39]
    PRED: [9, 2, 39, 28, 33, 31, 39, 13, 10, 27, 11, 39, 26, 27, 16, 30, 39, 30, 33, 39, 19, 2, 21, 39, 27, 10, 22, 39, 27, 0, 19, 11, 39, 31, 33, 39, 13, 5, 39, 4, 30, 39]
    Edit distance: 13/46

============================================================
Batch 5000 | Val PER: 0.2857
============================================================
  Sample 0:
    TRUE: [31, 17, 0, 19, 27, 2, 28, 17, 39, 27, 17, 19, 2, 22, 28, 16, 8, 11, 8, 39]
    PRED: [36, 4, 10, 19, 7, 11, 39, 27, 17, 3, 22, 8, 11, 39]
    Edit distance: 12/20
  Sample 1:
    TRUE: [27, 16, 7, 39, 26, 11, 7, 2, 28, 30, 39, 28, 10, 34, 27, 2, 20, 39, 28, 5, 22, 8, 39, 20, 16, 31, 2, 14, 27, 1, 13, 28, 39]
    PRED: [7, 1, 19, 39, 26, 11, 27, 7, 2, 39, 28, 10, 34, 2, 20, 39, 28, 4, 22, 8, 39, 8, 10, 28, 2, 14, 2, 13, 39]
    Edit distance: 14/33
  Sample 2:
    TRUE: [28, 24, 39, 27, 33, 20, 37, 39, 35, 17, 39, 21, 12, 8, 39, 16, 22, 39, 2, 22, 2, 6, 1, 29, 30, 39, 19, 2, 20, 33, 38, 2, 22, 39]
    PRED: [9, 2, 39, 27, 33, 38, 37, 39, 35, 17, 39, 21, 10, 8, 39, 16, 22, 39, 2, 22, 2, 13, 1, 39, 19, 33, 33, 38, 2, 22, 39]
    Edit distance: 9/34
  Sample 3:
    TRUE: [20, 3, 27, 17, 37, 39, 19, 0, 28, 30, 33, 21, 39, 22, 17, 8, 2, 8, 39, 6, 20, 1, 19, 39, 14, 20, 2, 34, 37, 39, 30, 33, 39, 6, 17, 39, 19, 2, 21, 26, 20, 17, 30, 20, 17, 39, 10, 20, 2, 14, 2, 22, 30, 39]
    PRED: [36, 32, 27, 39, 19, 4, 28, 33, 21, 39, 22, 5, 8, 39, 6, 2, 19, 39, 20, 2, 13, 39, 30, 33, 39, 6, 17, 39, 19, 2, 21, 26, 3, 27, 2, 39, 10, 20, 2, 22, 30, 39]
    Edit distance: 21/54
  Sample 4:
    TRUE: [9, 2, 39, 30, 33, 31, 39, 13, 10, 27, 17, 39, 13, 11, 14, 0, 30, 39, 30, 33, 39, 19, 2, 21, 39, 35, 10, 22, 39, 27, 0, 18, 11, 37, 39, 30, 33, 31, 39, 13, 10, 20, 39, 4, 30, 39]
    PRED: [9, 2, 39, 29, 33, 31, 39, 13, 10, 27, 11, 39, 26, 17, 19, 39, 30, 33, 39, 19, 2, 21, 39, 35, 4, 22, 39, 27, 5, 7, 11, 39, 31, 33, 31, 39, 13, 5, 39, 4, 30, 39]
    Edit distance: 14/46

============================================================
Batch 5500 | Val PER: 0.2717
============================================================
  Sample 0:
    TRUE: [31, 17, 0, 19, 27, 2, 28, 17, 39, 27, 17, 19, 2, 22, 28, 16, 8, 11, 8, 39]
    PRED: [9, 2, 19, 2, 11, 39, 27, 17, 19, 0, 22, 8, 2, 39]
    Edit distance: 11/20
  Sample 1:
    TRUE: [27, 16, 7, 39, 26, 11, 7, 2, 28, 30, 39, 28, 10, 34, 27, 2, 20, 39, 28, 5, 22, 8, 39, 20, 16, 31, 2, 14, 27, 1, 13, 28, 39]
    PRED: [27, 16, 19, 39, 28, 26, 0, 27, 2, 29, 39, 28, 10, 34, 2, 20, 39, 2, 22, 8, 39, 20, 10, 28, 20, 24, 2, 13, 39]
    Edit distance: 16/33
  Sample 2:
    TRUE: [28, 24, 39, 27, 33, 20, 37, 39, 35, 17, 39, 21, 12, 8, 39, 16, 22, 39, 2, 22, 2, 6, 1, 29, 30, 39, 19, 2, 20, 33, 38, 2, 22, 39]
    PRED: [9, 2, 39, 27, 33, 20, 24, 39, 35, 12, 39, 21, 10, 8, 39, 16, 22, 39, 2, 22, 6, 1, 29, 28, 39, 19, 2, 33, 29, 2, 22, 39]
    Edit distance: 9/34
  Sample 3:
    TRUE: [20, 3, 27, 17, 37, 39, 19, 0, 28, 30, 33, 21, 39, 22, 17, 8, 2, 8, 39, 6, 20, 1, 19, 39, 14, 20, 2, 34, 37, 39, 30, 33, 39, 6, 17, 39, 19, 2, 21, 26, 20, 17, 30, 20, 17, 39, 10, 20, 2, 14, 2, 22, 30, 39]
    PRED: [19, 3, 39, 19, 4, 33, 21, 39, 22, 25, 8, 2, 8, 39, 6, 2, 19, 39, 20, 2, 34, 39, 30, 33, 39, 6, 17, 39, 2, 21, 26, 20, 10, 2, 39, 10, 20, 2, 22, 30, 39]
    Edit distance: 19/54
  Sample 4:
    TRUE: [9, 2, 39, 30, 33, 31, 39, 13, 10, 27, 17, 39, 13, 11, 14, 0, 30, 39, 30, 33, 39, 19, 2, 21, 39, 35, 10, 22, 39, 27, 0, 18, 11, 37, 39, 30, 33, 31, 39, 13, 10, 20, 39, 4, 30, 39]
    PRED: [9, 2, 39, 28, 33, 31, 39, 34, 10, 27, 17, 39, 27, 0, 19, 30, 2, 8, 39, 30, 33, 39, 19, 2, 21, 39, 35, 2, 22, 39, 27, 0, 18, 24, 39, 30, 33, 31, 39, 13, 5, 20, 39, 4, 30, 39]
    Edit distance: 12/46

============================================================
Batch 6000 | Val PER: 0.2642
============================================================
  Sample 0:
    TRUE: [31, 17, 0, 19, 27, 2, 28, 17, 39, 27, 17, 19, 2, 22, 28, 16, 8, 11, 8, 39]
    PRED: [19, 10, 1, 19, 2, 39, 27, 17, 19, 0, 8, 5, 8, 2, 39]
    Edit distance: 12/20
  Sample 1:
    TRUE: [27, 16, 7, 39, 26, 11, 7, 2, 28, 30, 39, 28, 10, 34, 27, 2, 20, 39, 28, 5, 22, 8, 39, 20, 16, 31, 2, 14, 27, 1, 13, 28, 39]
    PRED: [7, 17, 19, 39, 26, 25, 29, 2, 37, 39, 28, 10, 34, 13, 2, 20, 39, 28, 2, 22, 39, 19, 10, 19, 20, 14, 10, 13, 39]
    Edit distance: 17/33
  Sample 2:
    TRUE: [28, 24, 39, 27, 33, 20, 37, 39, 35, 17, 39, 21, 12, 8, 39, 16, 22, 39, 2, 22, 2, 6, 1, 29, 30, 39, 19, 2, 20, 33, 38, 2, 22, 39]
    PRED: [28, 4, 39, 33, 20, 37, 39, 35, 17, 39, 21, 5, 22, 8, 39, 16, 22, 39, 1, 22, 2, 21, 1, 2, 29, 30, 39, 19, 33, 20, 33, 33, 38, 2, 22, 39]
    Edit distance: 9/34
  Sample 3:
    TRUE: [20, 3, 27, 17, 37, 39, 19, 0, 28, 30, 33, 21, 39, 22, 17, 8, 2, 8, 39, 6, 20, 1, 19, 39, 14, 20, 2, 34, 37, 39, 30, 33, 39, 6, 17, 39, 19, 2, 21, 26, 20, 17, 30, 20, 17, 39, 10, 20, 2, 14, 2, 22, 30, 39]
    PRED: [30, 3, 27, 39, 19, 5, 2, 21, 39, 22, 17, 8, 2, 39, 6, 2, 19, 39, 18, 2, 34, 37, 39, 30, 33, 39, 6, 17, 39, 19, 2, 21, 26, 20, 2, 30, 2, 39, 10, 20, 5, 22, 39]
    Edit distance: 19/54
  Sample 4:
    TRUE: [9, 2, 39, 30, 33, 31, 39, 13, 10, 27, 17, 39, 13, 11, 14, 0, 30, 39, 30, 33, 39, 19, 2, 21, 39, 35, 10, 22, 39, 27, 0, 18, 11, 37, 39, 30, 33, 31, 39, 13, 10, 20, 39, 4, 30, 39]
    PRED: [9, 2, 39, 30, 33, 31, 39, 34, 10, 27, 2, 39, 26, 17, 2, 19, 2, 39, 30, 33, 39, 19, 2, 21, 39, 35, 10, 22, 39, 0, 18, 2, 39, 31, 33, 39, 13, 1, 20, 39, 4, 30, 39]
    Edit distance: 13/46

============================================================
Batch 6500 | Val PER: 0.2651
============================================================
  Sample 0:
    TRUE: [31, 17, 0, 19, 27, 2, 28, 17, 39, 27, 17, 19, 2, 22, 28, 16, 8, 11, 8, 39]
    PRED: [19, 10, 0, 19, 2, 28, 39, 16, 19, 24, 8, 8, 2, 8, 39]
    Edit distance: 11/20
  Sample 1:
    TRUE: [27, 16, 7, 39, 26, 11, 7, 2, 28, 30, 39, 28, 10, 34, 27, 2, 20, 39, 28, 5, 22, 8, 39, 20, 16, 31, 2, 14, 27, 1, 13, 28, 39]
    PRED: [27, 16, 19, 39, 28, 26, 3, 27, 2, 39, 10, 6, 2, 20, 39, 28, 2, 22, 8, 39, 20, 16, 20, 24, 14, 24, 13, 39]
    Edit distance: 15/33
  Sample 2:
    TRUE: [28, 24, 39, 27, 33, 20, 37, 39, 35, 17, 39, 21, 12, 8, 39, 16, 22, 39, 2, 22, 2, 6, 1, 29, 30, 39, 19, 2, 20, 33, 38, 2, 22, 39]
    PRED: [28, 4, 39, 27, 33, 20, 37, 39, 21, 12, 39, 21, 10, 22, 8, 39, 16, 22, 39, 16, 22, 2, 2, 29, 28, 39, 28, 19, 33, 20, 33, 33, 38, 2, 22, 39]
    Edit distance: 12/34
  Sample 3:
    TRUE: [20, 3, 27, 17, 37, 39, 19, 0, 28, 30, 33, 21, 39, 22, 17, 8, 2, 8, 39, 6, 20, 1, 19, 39, 14, 20, 2, 34, 37, 39, 30, 33, 39, 6, 17, 39, 19, 2, 21, 26, 20, 17, 30, 20, 17, 39, 10, 20, 2, 14, 2, 22, 30, 39]
    PRED: [19, 3, 37, 39, 28, 19, 5, 2, 21, 39, 22, 12, 8, 2, 8, 39, 6, 0, 19, 39, 20, 2, 34, 37, 39, 30, 33, 39, 6, 17, 39, 28, 2, 21, 26, 20, 16, 30, 2, 39, 10, 20, 2, 22, 39]
    Edit distance: 19/54
  Sample 4:
    TRUE: [9, 2, 39, 30, 33, 31, 39, 13, 10, 27, 17, 39, 13, 11, 14, 0, 30, 39, 30, 33, 39, 19, 2, 21, 39, 35, 10, 22, 39, 27, 0, 18, 11, 37, 39, 30, 33, 31, 39, 13, 10, 20, 39, 4, 30, 39]
    PRED: [9, 2, 39, 30, 27, 33, 31, 39, 34, 10, 11, 39, 26, 24, 0, 39, 30, 33, 39, 15, 24, 21, 39, 35, 2, 22, 39, 3, 11, 39, 31, 33, 31, 39, 13, 3, 20, 39, 4, 30, 39]
    Edit distance: 17/46

============================================================
Batch 7000 | Val PER: 0.2633
============================================================
  Sample 0:
    TRUE: [31, 17, 0, 19, 27, 2, 28, 17, 39, 27, 17, 19, 2, 22, 28, 16, 8, 11, 8, 39]
    PRED: [19, 1, 1, 19, 2, 39, 17, 19, 35, 12, 2, 39]
    Edit distance: 14/20
  Sample 1:
    TRUE: [27, 16, 7, 39, 26, 11, 7, 2, 28, 30, 39, 28, 10, 34, 27, 2, 20, 39, 28, 5, 22, 8, 39, 20, 16, 31, 2, 14, 27, 1, 13, 28, 39]
    PRED: [35, 17, 39, 26, 0, 29, 2, 29, 39, 30, 10, 34, 2, 20, 39, 28, 2, 8, 39, 20, 10, 20, 2, 20, 2, 13, 39]
    Edit distance: 17/33
  Sample 2:
    TRUE: [28, 24, 39, 27, 33, 20, 37, 39, 35, 17, 39, 21, 12, 8, 39, 16, 22, 39, 2, 22, 2, 6, 1, 29, 30, 39, 19, 2, 20, 33, 38, 2, 22, 39]
    PRED: [15, 24, 39, 25, 20, 37, 39, 35, 17, 39, 21, 12, 8, 39, 16, 22, 39, 2, 22, 2, 34, 10, 2, 29, 39, 19, 16, 20, 33, 33, 38, 2, 22, 39]
    Edit distance: 9/34
  Sample 3:
    TRUE: [20, 3, 27, 17, 37, 39, 19, 0, 28, 30, 33, 21, 39, 22, 17, 8, 2, 8, 39, 6, 20, 1, 19, 39, 14, 20, 2, 34, 37, 39, 30, 33, 39, 6, 17, 39, 19, 2, 21, 26, 20, 17, 30, 20, 17, 39, 10, 20, 2, 14, 2, 22, 30, 39]
    PRED: [19, 35, 25, 35, 39, 19, 5, 2, 21, 37, 39, 22, 17, 8, 2, 8, 39, 6, 2, 19, 39, 20, 2, 34, 37, 39, 30, 33, 39, 6, 17, 20, 39, 19, 2, 21, 26, 20, 16, 20, 20, 17, 39, 10, 20, 2, 22, 39]
    Edit distance: 19/54
  Sample 4:
    TRUE: [9, 2, 39, 30, 33, 31, 39, 13, 10, 27, 17, 39, 13, 11, 14, 0, 30, 39, 30, 33, 39, 19, 2, 21, 39, 35, 10, 22, 39, 27, 0, 18, 11, 37, 39, 30, 33, 31, 39, 13, 10, 20, 39, 4, 30, 39]
    PRED: [9, 2, 39, 30, 33, 34, 31, 39, 34, 10, 2, 39, 26, 17, 3, 19, 30, 39, 30, 33, 39, 19, 2, 21, 37, 39, 35, 2, 22, 39, 35, 5, 18, 11, 37, 39, 9, 33, 31, 39, 34, 12, 39, 4, 30, 39]
    Edit distance: 16/46

============================================================
Batch 7500 | Val PER: 0.2447
============================================================
  Sample 0:
    TRUE: [31, 17, 0, 19, 27, 2, 28, 17, 39, 27, 17, 19, 2, 22, 28, 16, 8, 11, 8, 39]
    PRED: [19, 17, 0, 19, 2, 28, 39, 27, 17, 19, 0, 8, 12, 8, 11, 39]
    Edit distance: 8/20
  Sample 1:
    TRUE: [27, 16, 7, 39, 26, 11, 7, 2, 28, 30, 39, 28, 10, 34, 27, 2, 20, 39, 28, 5, 22, 8, 39, 20, 16, 31, 2, 14, 27, 1, 13, 28, 39]
    PRED: [27, 12, 7, 39, 26, 11, 29, 2, 37, 39, 29, 10, 34, 2, 20, 39, 28, 2, 22, 8, 39, 8, 16, 28, 2, 14, 2, 13, 39]
    Edit distance: 12/33
  Sample 2:
    TRUE: [28, 24, 39, 27, 33, 20, 37, 39, 35, 17, 39, 21, 12, 8, 39, 16, 22, 39, 2, 22, 2, 6, 1, 29, 30, 39, 19, 2, 20, 33, 38, 2, 22, 39]
    PRED: [15, 4, 39, 27, 33, 20, 37, 39, 35, 17, 39, 21, 12, 8, 39, 16, 22, 39, 2, 22, 11, 21, 2, 29, 28, 39, 19, 2, 20, 33, 38, 2, 22, 39]
    Edit distance: 6/34
  Sample 3:
    TRUE: [20, 3, 27, 17, 37, 39, 19, 0, 28, 30, 33, 21, 39, 22, 17, 8, 2, 8, 39, 6, 20, 1, 19, 39, 14, 20, 2, 34, 37, 39, 30, 33, 39, 6, 17, 39, 19, 2, 21, 26, 20, 17, 30, 20, 17, 39, 10, 20, 2, 14, 2, 22, 30, 39]
    PRED: [19, 27, 3, 37, 39, 19, 3, 28, 2, 21, 39, 22, 17, 8, 39, 6, 27, 2, 19, 39, 14, 2, 13, 37, 39, 30, 33, 39, 6, 17, 39, 2, 19, 2, 21, 26, 20, 16, 30, 11, 39, 10, 20, 2, 22, 39]
    Edit distance: 19/54
  Sample 4:
    TRUE: [9, 2, 39, 30, 33, 31, 39, 13, 10, 27, 17, 39, 13, 11, 14, 0, 30, 39, 30, 33, 39, 19, 2, 21, 39, 35, 10, 22, 39, 27, 0, 18, 11, 37, 39, 30, 33, 31, 39, 13, 10, 20, 39, 4, 30, 39]
    PRED: [9, 2, 39, 30, 27, 33, 31, 39, 13, 34, 10, 2, 39, 27, 2, 0, 39, 30, 33, 39, 19, 2, 21, 39, 35, 2, 22, 39, 35, 3, 7, 11, 37, 39, 31, 27, 33, 31, 39, 13, 5, 20, 39, 4, 30, 39]
    Edit distance: 15/46

============================================================
Batch 8000 | Val PER: 0.2436
============================================================
  Sample 0:
    TRUE: [31, 17, 0, 19, 27, 2, 28, 17, 39, 27, 17, 19, 2, 22, 28, 16, 8, 11, 8, 39]
    PRED: [19, 1, 0, 19, 27, 2, 29, 39, 27, 17, 19, 0, 22, 8, 2, 2, 39]
    Edit distance: 9/20
  Sample 1:
    TRUE: [27, 16, 7, 39, 26, 11, 7, 2, 28, 30, 39, 28, 10, 34, 27, 2, 20, 39, 28, 5, 22, 8, 39, 20, 16, 31, 2, 14, 27, 1, 13, 28, 39]
    PRED: [19, 27, 1, 19, 26, 0, 29, 39, 28, 10, 6, 34, 2, 20, 39, 28, 2, 22, 8, 39, 19, 16, 19, 14, 2, 13, 39]
    Edit distance: 18/33
  Sample 2:
    TRUE: [28, 24, 39, 27, 33, 20, 37, 39, 35, 17, 39, 21, 12, 8, 39, 16, 22, 39, 2, 22, 2, 6, 1, 29, 30, 39, 19, 2, 20, 33, 38, 2, 22, 39]
    PRED: [15, 2, 39, 33, 20, 37, 39, 35, 17, 39, 21, 12, 22, 8, 39, 16, 22, 39, 16, 22, 8, 2, 21, 1, 29, 39, 19, 33, 20, 33, 38, 2, 22, 39]
    Edit distance: 9/34
  Sample 3:
    TRUE: [20, 3, 27, 17, 37, 39, 19, 0, 28, 30, 33, 21, 39, 22, 17, 8, 2, 8, 39, 6, 20, 1, 19, 39, 14, 20, 2, 34, 37, 39, 30, 33, 39, 6, 17, 39, 19, 2, 21, 26, 20, 17, 30, 20, 17, 39, 10, 20, 2, 14, 2, 22, 30, 39]
    PRED: [19, 27, 3, 39, 19, 5, 15, 24, 21, 39, 21, 12, 8, 39, 6, 27, 0, 19, 39, 19, 2, 34, 39, 30, 33, 39, 6, 17, 39, 19, 19, 2, 21, 26, 20, 33, 30, 20, 39, 10, 20, 2, 22, 39]
    Edit distance: 23/54
  Sample 4:
    TRUE: [9, 2, 39, 30, 33, 31, 39, 13, 10, 27, 17, 39, 13, 11, 14, 0, 30, 39, 30, 33, 39, 19, 2, 21, 39, 35, 10, 22, 39, 27, 0, 18, 11, 37, 39, 30, 33, 31, 39, 13, 10, 20, 39, 4, 30, 39]
    PRED: [9, 2, 39, 30, 27, 33, 31, 39, 34, 10, 27, 39, 26, 27, 24, 39, 30, 33, 39, 19, 15, 2, 21, 39, 35, 27, 2, 22, 39, 35, 0, 7, 11, 39, 31, 33, 31, 39, 13, 10, 20, 39, 4, 39]
    Edit distance: 16/46

============================================================
Batch 8500 | Val PER: 0.2365
============================================================
  Sample 0:
    TRUE: [31, 17, 0, 19, 27, 2, 28, 17, 39, 27, 17, 19, 2, 22, 28, 16, 8, 11, 8, 39]
    PRED: [19, 2, 0, 19, 2, 29, 39, 2, 14, 19, 0, 22, 8, 2, 8, 2, 39]
    Edit distance: 12/20
  Sample 1:
    TRUE: [27, 16, 7, 39, 26, 11, 7, 2, 28, 30, 39, 28, 10, 34, 27, 2, 20, 39, 28, 5, 22, 8, 39, 20, 16, 31, 2, 14, 27, 1, 13, 28, 39]
    PRED: [27, 1, 19, 26, 27, 24, 29, 2, 39, 28, 10, 6, 34, 2, 20, 39, 19, 1, 22, 8, 39, 14, 16, 14, 24, 14, 2, 13, 39]
    Edit distance: 18/33
  Sample 2:
    TRUE: [28, 24, 39, 27, 33, 20, 37, 39, 35, 17, 39, 21, 12, 8, 39, 16, 22, 39, 2, 22, 2, 6, 1, 29, 30, 39, 19, 2, 20, 33, 38, 2, 22, 39]
    PRED: [15, 4, 39, 27, 24, 20, 39, 35, 12, 39, 21, 5, 22, 8, 39, 16, 22, 39, 16, 22, 11, 21, 2, 29, 30, 39, 19, 2, 20, 33, 38, 2, 22, 39]
    Edit distance: 11/34
  Sample 3:
    TRUE: [20, 3, 27, 17, 37, 39, 19, 0, 28, 30, 33, 21, 39, 22, 17, 8, 2, 8, 39, 6, 20, 1, 19, 39, 14, 20, 2, 34, 37, 39, 30, 33, 39, 6, 17, 39, 19, 2, 21, 26, 20, 17, 30, 20, 17, 39, 10, 20, 2, 14, 2, 22, 30, 39]
    PRED: [19, 24, 39, 19, 0, 28, 2, 21, 39, 21, 12, 8, 2, 8, 39, 6, 27, 1, 19, 39, 20, 2, 34, 39, 30, 33, 39, 6, 17, 39, 19, 21, 26, 18, 20, 25, 30, 20, 39, 1, 20, 2, 22, 30, 39]
    Edit distance: 19/54
  Sample 4:
    TRUE: [9, 2, 39, 30, 33, 31, 39, 13, 10, 27, 17, 39, 13, 11, 14, 0, 30, 39, 30, 33, 39, 19, 2, 21, 39, 35, 10, 22, 39, 27, 0, 18, 11, 37, 39, 30, 33, 31, 39, 13, 10, 20, 39, 4, 30, 39]
    PRED: [9, 2, 39, 30, 27, 33, 31, 39, 34, 10, 27, 39, 27, 24, 19, 0, 22, 39, 30, 33, 39, 30, 2, 21, 39, 27, 10, 22, 39, 27, 2, 7, 11, 39, 9, 33, 31, 39, 13, 10, 20, 39, 4, 30, 39]
    Edit distance: 13/46

============================================================
Batch 9000 | Val PER: 0.2361
============================================================
  Sample 0:
    TRUE: [31, 17, 0, 19, 27, 2, 28, 17, 39, 27, 17, 19, 2, 22, 28, 16, 8, 11, 8, 39]
    PRED: [19, 10, 0, 19, 16, 29, 39, 27, 17, 2, 22, 8, 12, 30, 11, 39]
    Edit distance: 11/20
  Sample 1:
    TRUE: [27, 16, 7, 39, 26, 11, 7, 2, 28, 30, 39, 28, 10, 34, 27, 2, 20, 39, 28, 5, 22, 8, 39, 20, 16, 31, 2, 14, 27, 1, 13, 28, 39]
    PRED: [27, 17, 39, 26, 11, 29, 16, 39, 30, 10, 34, 2, 20, 39, 28, 5, 8, 39, 8, 10, 10, 11, 20, 2, 13, 39]
    Edit distance: 17/33
  Sample 2:
    TRUE: [28, 24, 39, 27, 33, 20, 37, 39, 35, 17, 39, 21, 12, 8, 39, 16, 22, 39, 2, 22, 2, 6, 1, 29, 30, 39, 19, 2, 20, 33, 38, 2, 22, 39]
    PRED: [15, 4, 39, 27, 17, 20, 37, 39, 35, 17, 39, 21, 10, 8, 39, 16, 22, 39, 16, 22, 11, 27, 10, 29, 39, 19, 2, 20, 33, 38, 2, 22, 39]
    Edit distance: 9/34
  Sample 3:
    TRUE: [20, 3, 27, 17, 37, 39, 19, 0, 28, 30, 33, 21, 39, 22, 17, 8, 2, 8, 39, 6, 20, 1, 19, 39, 14, 20, 2, 34, 37, 39, 30, 33, 39, 6, 17, 39, 19, 2, 21, 26, 20, 17, 30, 20, 17, 39, 10, 20, 2, 14, 2, 22, 30, 39]
    PRED: [19, 27, 3, 27, 17, 37, 39, 19, 5, 2, 21, 39, 21, 12, 8, 2, 8, 39, 6, 2, 19, 39, 20, 2, 34, 39, 30, 33, 39, 6, 17, 39, 19, 2, 21, 18, 16, 30, 20, 17, 39, 10, 20, 2, 2, 22, 39]
    Edit distance: 17/54
  Sample 4:
    TRUE: [9, 2, 39, 30, 33, 31, 39, 13, 10, 27, 17, 39, 13, 11, 14, 0, 30, 39, 30, 33, 39, 19, 2, 21, 39, 35, 10, 22, 39, 27, 0, 18, 11, 37, 39, 30, 33, 31, 39, 13, 10, 20, 39, 4, 30, 39]
    PRED: [9, 2, 39, 8, 27, 33, 31, 39, 34, 10, 27, 17, 39, 27, 17, 0, 39, 30, 33, 39, 30, 2, 21, 39, 35, 10, 22, 8, 39, 35, 3, 7, 11, 39, 9, 33, 31, 39, 13, 10, 20, 39, 4, 30, 39]
    Edit distance: 14/46

============================================================
Batch 9500 | Val PER: 0.2356
============================================================
  Sample 0:
    TRUE: [31, 17, 0, 19, 27, 2, 28, 17, 39, 27, 17, 19, 2, 22, 28, 16, 8, 11, 8, 39]
    PRED: [29, 17, 0, 19, 2, 29, 39, 27, 17, 19, 35, 0, 8, 12, 18, 2, 39]
    Edit distance: 11/20
  Sample 1:
    TRUE: [27, 16, 7, 39, 26, 11, 7, 2, 28, 30, 39, 28, 10, 34, 27, 2, 20, 39, 28, 5, 22, 8, 39, 20, 16, 31, 2, 14, 27, 1, 13, 28, 39]
    PRED: [27, 1, 19, 39, 26, 0, 29, 39, 12, 6, 2, 20, 39, 28, 5, 22, 8, 18, 39, 20, 16, 24, 14, 1, 13, 28, 39]
    Edit distance: 15/33
  Sample 2:
    TRUE: [28, 24, 39, 27, 33, 20, 37, 39, 35, 17, 39, 21, 12, 8, 39, 16, 22, 39, 2, 22, 2, 6, 1, 29, 30, 39, 19, 2, 20, 33, 38, 2, 22, 39]
    PRED: [15, 4, 39, 27, 33, 20, 37, 39, 35, 17, 39, 21, 12, 8, 39, 16, 22, 39, 16, 22, 2, 6, 2, 29, 39, 19, 2, 20, 33, 38, 2, 22, 39]
    Edit distance: 5/34
  Sample 3:
    TRUE: [20, 3, 27, 17, 37, 39, 19, 0, 28, 30, 33, 21, 39, 22, 17, 8, 2, 8, 39, 6, 20, 1, 19, 39, 14, 20, 2, 34, 37, 39, 30, 33, 39, 6, 17, 39, 19, 2, 21, 26, 20, 17, 30, 20, 17, 39, 10, 20, 2, 14, 2, 22, 30, 39]
    PRED: [19, 32, 11, 37, 39, 19, 0, 2, 21, 39, 22, 12, 8, 39, 6, 27, 2, 19, 39, 20, 2, 34, 8, 37, 39, 30, 33, 39, 6, 17, 39, 28, 2, 21, 26, 20, 33, 30, 20, 39, 10, 20, 2, 22, 8, 39]
    Edit distance: 20/54
  Sample 4:
    TRUE: [9, 2, 39, 30, 33, 31, 39, 13, 10, 27, 17, 39, 13, 11, 14, 0, 30, 39, 30, 33, 39, 19, 2, 21, 39, 35, 10, 22, 39, 27, 0, 18, 11, 37, 39, 30, 33, 31, 39, 13, 10, 20, 39, 4, 30, 39]
    PRED: [9, 2, 39, 30, 27, 33, 31, 39, 34, 10, 27, 17, 2, 39, 26, 27, 0, 19, 30, 39, 30, 33, 39, 19, 0, 2, 21, 39, 27, 2, 22, 39, 35, 5, 7, 11, 39, 31, 27, 33, 31, 39, 13, 10, 39, 4, 30, 39]
    Edit distance: 17/46

============================================================
Batch 10000 | Val PER: 0.2350
============================================================
  Sample 0:
    TRUE: [31, 17, 0, 19, 27, 2, 28, 17, 39, 27, 17, 19, 2, 22, 28, 16, 8, 11, 8, 39]
    PRED: [29, 1, 0, 19, 2, 28, 39, 27, 17, 19, 2, 22, 12, 30, 2, 8, 39]
    Edit distance: 8/20
  Sample 1:
    TRUE: [27, 16, 7, 39, 26, 11, 7, 2, 28, 30, 39, 28, 10, 34, 27, 2, 20, 39, 28, 5, 22, 8, 39, 20, 16, 31, 2, 14, 27, 1, 13, 28, 39]
    PRED: [27, 1, 7, 39, 26, 0, 27, 29, 39, 10, 34, 2, 20, 39, 28, 1, 22, 8, 39, 8, 16, 28, 1, 13, 39]
    Edit distance: 15/33
  Sample 2:
    TRUE: [28, 24, 39, 27, 33, 20, 37, 39, 35, 17, 39, 21, 12, 8, 39, 16, 22, 39, 2, 22, 2, 6, 1, 29, 30, 39, 19, 2, 20, 33, 38, 2, 22, 39]
    PRED: [22, 24, 39, 27, 17, 20, 37, 39, 35, 17, 39, 21, 12, 8, 39, 16, 22, 39, 16, 22, 8, 11, 34, 5, 29, 30, 28, 39, 19, 2, 20, 33, 38, 2, 22, 39]
    Edit distance: 8/34
  Sample 3:
    TRUE: [20, 3, 27, 17, 37, 39, 19, 0, 28, 30, 33, 21, 39, 22, 17, 8, 2, 8, 39, 6, 20, 1, 19, 39, 14, 20, 2, 34, 37, 39, 30, 33, 39, 6, 17, 39, 19, 2, 21, 26, 20, 17, 30, 20, 17, 39, 10, 20, 2, 14, 2, 22, 30, 39]
    PRED: [19, 27, 5, 12, 37, 39, 19, 5, 28, 2, 21, 39, 22, 12, 8, 39, 6, 27, 2, 19, 39, 20, 2, 34, 39, 30, 33, 39, 6, 17, 39, 19, 2, 2, 21, 26, 33, 30, 20, 17, 39, 10, 20, 2, 22, 39]
    Edit distance: 20/54
  Sample 4:
    TRUE: [9, 2, 39, 30, 33, 31, 39, 13, 10, 27, 17, 39, 13, 11, 14, 0, 30, 39, 30, 33, 39, 19, 2, 21, 39, 35, 10, 22, 39, 27, 0, 18, 11, 37, 39, 30, 33, 31, 39, 13, 10, 20, 39, 4, 30, 39]
    PRED: [9, 2, 39, 30, 27, 33, 31, 39, 13, 4, 11, 39, 26, 5, 19, 30, 2, 30, 39, 30, 33, 39, 19, 2, 21, 39, 35, 5, 22, 39, 35, 5, 0, 7, 11, 39, 9, 33, 31, 39, 13, 5, 20, 39, 4, 30, 39]
    Edit distance: 16/46

============================================================
Batch 10500 | Val PER: 0.2348
============================================================
  Sample 0:
    TRUE: [31, 17, 0, 19, 27, 2, 28, 17, 39, 27, 17, 19, 2, 22, 28, 16, 8, 11, 8, 39]
    PRED: [31, 4, 0, 19, 2, 28, 39, 27, 17, 19, 0, 12, 30, 2, 8, 39]
    Edit distance: 9/20
  Sample 1:
    TRUE: [27, 16, 7, 39, 26, 11, 7, 2, 28, 30, 39, 28, 10, 34, 27, 2, 20, 39, 28, 5, 22, 8, 39, 20, 16, 31, 2, 14, 27, 1, 13, 28, 39]
    PRED: [27, 16, 7, 39, 26, 0, 39, 28, 10, 34, 2, 20, 39, 28, 12, 8, 39, 20, 16, 14, 2, 13, 39]
    Edit distance: 13/33
  Sample 2:
    TRUE: [28, 24, 39, 27, 33, 20, 37, 39, 35, 17, 39, 21, 12, 8, 39, 16, 22, 39, 2, 22, 2, 6, 1, 29, 30, 39, 19, 2, 20, 33, 38, 2, 22, 39]
    PRED: [9, 2, 39, 27, 17, 20, 37, 39, 35, 17, 39, 21, 12, 8, 39, 16, 22, 39, 2, 22, 8, 2, 21, 10, 10, 28, 30, 39, 19, 2, 20, 33, 38, 2, 22, 39]
    Edit distance: 8/34
  Sample 3:
    TRUE: [20, 3, 27, 17, 37, 39, 19, 0, 28, 30, 33, 21, 39, 22, 17, 8, 2, 8, 39, 6, 20, 1, 19, 39, 14, 20, 2, 34, 37, 39, 30, 33, 39, 6, 17, 39, 19, 2, 21, 26, 20, 17, 30, 20, 17, 39, 10, 20, 2, 14, 2, 22, 30, 39]
    PRED: [35, 5, 37, 39, 19, 4, 28, 2, 21, 39, 22, 12, 8, 39, 6, 2, 19, 20, 2, 34, 39, 30, 33, 39, 6, 17, 39, 2, 21, 26, 26, 11, 30, 39, 10, 20, 2, 22, 39]
    Edit distance: 23/54
  Sample 4:
    TRUE: [9, 2, 39, 30, 33, 31, 39, 13, 10, 27, 17, 39, 13, 11, 14, 0, 30, 39, 30, 33, 39, 19, 2, 21, 39, 35, 10, 22, 39, 27, 0, 18, 11, 37, 39, 30, 33, 31, 39, 13, 10, 20, 39, 4, 30, 39]
    PRED: [9, 2, 39, 30, 27, 33, 31, 39, 13, 10, 11, 39, 26, 17, 0, 39, 30, 33, 39, 19, 0, 21, 39, 35, 10, 22, 8, 39, 35, 5, 11, 39, 9, 33, 31, 39, 13, 10, 20, 39, 4, 30, 39]
    Edit distance: 14/46

============================================================
Batch 11000 | Val PER: 0.2318
============================================================
  Sample 0:
    TRUE: [31, 17, 0, 19, 27, 2, 28, 17, 39, 27, 17, 19, 2, 22, 28, 16, 8, 11, 8, 39]
    PRED: [19, 4, 0, 19, 2, 28, 39, 27, 10, 19, 0, 8, 12, 30, 11, 8, 39]
    Edit distance: 10/20
  Sample 1:
    TRUE: [27, 16, 7, 39, 26, 11, 7, 2, 28, 30, 39, 28, 10, 34, 27, 2, 20, 39, 28, 5, 22, 8, 39, 20, 16, 31, 2, 14, 27, 1, 13, 28, 39]
    PRED: [27, 1, 39, 26, 0, 27, 7, 37, 39, 10, 6, 2, 20, 39, 28, 2, 8, 39, 19, 16, 20, 11, 1, 13, 39]
    Edit distance: 18/33
  Sample 2:
    TRUE: [28, 24, 39, 27, 33, 20, 37, 39, 35, 17, 39, 21, 12, 8, 39, 16, 22, 39, 2, 22, 2, 6, 1, 29, 30, 39, 19, 2, 20, 33, 38, 2, 22, 39]
    PRED: [9, 24, 39, 27, 33, 20, 37, 39, 35, 17, 39, 6, 8, 39, 16, 22, 39, 16, 22, 11, 6, 1, 28, 29, 39, 19, 2, 20, 24, 38, 2, 22, 39]
    Edit distance: 8/34
  Sample 3:
    TRUE: [20, 3, 27, 17, 37, 39, 19, 0, 28, 30, 33, 21, 39, 22, 17, 8, 2, 8, 39, 6, 20, 1, 19, 39, 14, 20, 2, 34, 37, 39, 30, 33, 39, 6, 17, 39, 19, 2, 21, 26, 20, 17, 30, 20, 17, 39, 10, 20, 2, 14, 2, 22, 30, 39]
    PRED: [19, 35, 3, 39, 19, 4, 28, 33, 21, 39, 22, 12, 8, 39, 6, 2, 19, 39, 20, 2, 34, 37, 39, 30, 33, 39, 6, 17, 39, 19, 2, 21, 26, 6, 16, 30, 20, 11, 39, 10, 20, 2, 22, 30, 39]
    Edit distance: 18/54
  Sample 4:
    TRUE: [9, 2, 39, 30, 33, 31, 39, 13, 10, 27, 17, 39, 13, 11, 14, 0, 30, 39, 30, 33, 39, 19, 2, 21, 39, 35, 10, 22, 39, 27, 0, 18, 11, 37, 39, 30, 33, 31, 39, 13, 10, 20, 39, 4, 30, 39]
    PRED: [9, 2, 39, 30, 33, 31, 39, 13, 10, 27, 11, 39, 26, 32, 19, 2, 39, 30, 33, 39, 19, 2, 21, 39, 35, 10, 22, 39, 35, 3, 7, 11, 39, 33, 31, 39, 13, 10, 20, 39, 4, 30, 39]
    Edit distance: 11/46

============================================================
Batch 11500 | Val PER: 0.2222
============================================================
  Sample 0:
    TRUE: [31, 17, 0, 19, 27, 2, 28, 17, 39, 27, 17, 19, 2, 22, 28, 16, 8, 11, 8, 39]
    PRED: [31, 24, 0, 19, 2, 28, 39, 27, 17, 19, 0, 8, 12, 30, 2, 8, 39]
    Edit distance: 9/20
  Sample 1:
    TRUE: [27, 16, 7, 39, 26, 11, 7, 2, 28, 30, 39, 28, 10, 34, 27, 2, 20, 39, 28, 5, 22, 8, 39, 20, 16, 31, 2, 14, 27, 1, 13, 28, 39]
    PRED: [28, 27, 1, 19, 28, 26, 0, 29, 39, 10, 34, 2, 20, 39, 28, 5, 22, 8, 37, 39, 20, 16, 20, 24, 2, 13, 30, 28, 39]
    Edit distance: 18/33
  Sample 2:
    TRUE: [28, 24, 39, 27, 33, 20, 37, 39, 35, 17, 39, 21, 12, 8, 39, 16, 22, 39, 2, 22, 2, 6, 1, 29, 30, 39, 19, 2, 20, 33, 38, 2, 22, 39]
    PRED: [9, 24, 39, 27, 33, 20, 37, 39, 35, 17, 39, 21, 12, 8, 39, 16, 22, 39, 16, 22, 2, 6, 5, 28, 39, 19, 2, 20, 24, 38, 2, 22, 39]
    Edit distance: 6/34
  Sample 3:
    TRUE: [20, 3, 27, 17, 37, 39, 19, 0, 28, 30, 33, 21, 39, 22, 17, 8, 2, 8, 39, 6, 20, 1, 19, 39, 14, 20, 2, 34, 37, 39, 30, 33, 39, 6, 17, 39, 19, 2, 21, 26, 20, 17, 30, 20, 17, 39, 10, 20, 2, 14, 2, 22, 30, 39]
    PRED: [19, 27, 3, 27, 39, 19, 4, 2, 21, 37, 39, 22, 17, 8, 39, 6, 27, 2, 19, 39, 20, 2, 34, 8, 39, 30, 33, 39, 6, 17, 39, 19, 2, 21, 18, 25, 30, 20, 11, 39, 2, 20, 2, 8, 39]
    Edit distance: 24/54
  Sample 4:
    TRUE: [9, 2, 39, 30, 33, 31, 39, 13, 10, 27, 17, 39, 13, 11, 14, 0, 30, 39, 30, 33, 39, 19, 2, 21, 39, 35, 10, 22, 39, 27, 0, 18, 11, 37, 39, 30, 33, 31, 39, 13, 10, 20, 39, 4, 30, 39]
    PRED: [9, 2, 39, 8, 27, 33, 31, 39, 13, 10, 27, 39, 26, 27, 32, 30, 39, 30, 33, 39, 19, 2, 21, 39, 27, 2, 22, 39, 35, 5, 7, 11, 39, 31, 33, 31, 39, 13, 10, 20, 39, 4, 30, 39]
    Edit distance: 14/46

============================================================
Batch 12000 | Val PER: 0.2181
============================================================
  Sample 0:
    TRUE: [31, 17, 0, 19, 27, 2, 28, 17, 39, 27, 17, 19, 2, 22, 28, 16, 8, 11, 8, 39]
    PRED: [31, 12, 19, 2, 28, 39, 27, 17, 19, 0, 8, 2, 30, 8, 39]
    Edit distance: 10/20
  Sample 1:
    TRUE: [27, 16, 7, 39, 26, 11, 7, 2, 28, 30, 39, 28, 10, 34, 27, 2, 20, 39, 28, 5, 22, 8, 39, 20, 16, 31, 2, 14, 27, 1, 13, 28, 39]
    PRED: [27, 16, 19, 28, 39, 26, 27, 2, 29, 37, 39, 30, 10, 34, 2, 20, 39, 28, 8, 37, 39, 20, 16, 28, 14, 1, 13, 39]
    Edit distance: 15/33
  Sample 2:
    TRUE: [28, 24, 39, 27, 33, 20, 37, 39, 35, 17, 39, 21, 12, 8, 39, 16, 22, 39, 2, 22, 2, 6, 1, 29, 30, 39, 19, 2, 20, 33, 38, 2, 22, 39]
    PRED: [15, 2, 39, 27, 17, 20, 37, 39, 35, 17, 39, 21, 12, 8, 39, 16, 22, 39, 1, 22, 8, 11, 21, 1, 28, 39, 19, 33, 20, 33, 29, 2, 22, 39]
    Edit distance: 11/34
  Sample 3:
    TRUE: [20, 3, 27, 17, 37, 39, 19, 0, 28, 30, 33, 21, 39, 22, 17, 8, 2, 8, 39, 6, 20, 1, 19, 39, 14, 20, 2, 34, 37, 39, 30, 33, 39, 6, 17, 39, 19, 2, 21, 26, 20, 17, 30, 20, 17, 39, 10, 20, 2, 14, 2, 22, 30, 39]
    PRED: [19, 27, 5, 39, 19, 0, 28, 1, 21, 39, 22, 12, 8, 2, 8, 39, 6, 1, 19, 39, 20, 2, 34, 37, 39, 30, 33, 39, 6, 17, 39, 19, 2, 21, 26, 16, 30, 20, 17, 39, 10, 20, 2, 22, 39]
    Edit distance: 14/54
  Sample 4:
    TRUE: [9, 2, 39, 30, 33, 31, 39, 13, 10, 27, 17, 39, 13, 11, 14, 0, 30, 39, 30, 33, 39, 19, 2, 21, 39, 35, 10, 22, 39, 27, 0, 18, 11, 37, 39, 30, 33, 31, 39, 13, 10, 20, 39, 4, 30, 39]
    PRED: [9, 2, 39, 30, 27, 33, 34, 31, 39, 34, 10, 27, 17, 39, 26, 27, 16, 3, 30, 39, 30, 33, 39, 19, 2, 21, 39, 27, 10, 22, 8, 39, 27, 5, 30, 11, 39, 31, 33, 31, 39, 13, 10, 39, 4, 30, 39]
    Edit distance: 14/46

============================================================
Batch 12500 | Val PER: 0.2296
============================================================
  Sample 0:
    TRUE: [31, 17, 0, 19, 27, 2, 28, 17, 39, 27, 17, 19, 2, 22, 28, 16, 8, 11, 8, 39]
    PRED: [19, 2, 0, 19, 2, 28, 39, 27, 17, 19, 35, 2, 8, 12, 30, 2, 8, 39]
    Edit distance: 10/20
  Sample 1:
    TRUE: [27, 16, 7, 39, 26, 11, 7, 2, 28, 30, 39, 28, 10, 34, 27, 2, 20, 39, 28, 5, 22, 8, 39, 20, 16, 31, 2, 14, 27, 1, 13, 28, 39]
    PRED: [27, 1, 7, 19, 28, 39, 28, 26, 0, 29, 2, 37, 39, 12, 6, 2, 20, 39, 28, 2, 22, 8, 39, 20, 16, 35, 2, 5, 13, 39]
    Edit distance: 18/33
  Sample 2:
    TRUE: [28, 24, 39, 27, 33, 20, 37, 39, 35, 17, 39, 21, 12, 8, 39, 16, 22, 39, 2, 22, 2, 6, 1, 29, 30, 39, 19, 2, 20, 33, 38, 2, 22, 39]
    PRED: [28, 24, 39, 27, 33, 20, 37, 39, 35, 17, 39, 21, 12, 22, 8, 39, 16, 22, 39, 1, 22, 2, 21, 2, 28, 30, 39, 19, 33, 20, 33, 29, 2, 22, 39]
    Edit distance: 7/34
  Sample 3:
    TRUE: [20, 3, 27, 17, 37, 39, 19, 0, 28, 30, 33, 21, 39, 22, 17, 8, 2, 8, 39, 6, 20, 1, 19, 39, 14, 20, 2, 34, 37, 39, 30, 33, 39, 6, 17, 39, 19, 2, 21, 26, 20, 17, 30, 20, 17, 39, 10, 20, 2, 14, 2, 22, 30, 39]
    PRED: [19, 35, 3, 12, 37, 39, 19, 4, 24, 21, 39, 22, 12, 8, 39, 6, 27, 2, 19, 39, 20, 2, 13, 37, 39, 30, 33, 39, 6, 17, 39, 21, 6, 16, 30, 20, 17, 39, 16, 20, 2, 22, 30, 39]
    Edit distance: 23/54
  Sample 4:
    TRUE: [9, 2, 39, 30, 33, 31, 39, 13, 10, 27, 17, 39, 13, 11, 14, 0, 30, 39, 30, 33, 39, 19, 2, 21, 39, 35, 10, 22, 39, 27, 0, 18, 11, 37, 39, 30, 33, 31, 39, 13, 10, 20, 39, 4, 30, 39]
    PRED: [9, 2, 39, 30, 27, 33, 31, 39, 34, 10, 27, 2, 39, 26, 27, 32, 19, 30, 39, 30, 33, 39, 19, 15, 2, 21, 39, 35, 10, 22, 39, 35, 3, 7, 11, 39, 31, 9, 27, 33, 31, 39, 13, 5, 39, 4, 30, 39]
    Edit distance: 17/46

============================================================
Batch 13000 | Val PER: 0.2235
============================================================
  Sample 0:
    TRUE: [31, 17, 0, 19, 27, 2, 28, 17, 39, 27, 17, 19, 2, 22, 28, 16, 8, 11, 8, 39]
    PRED: [29, 1, 0, 19, 27, 2, 28, 39, 27, 17, 12, 8, 12, 30, 8, 2, 8, 39]
    Edit distance: 9/20
  Sample 1:
    TRUE: [27, 16, 7, 39, 26, 11, 7, 2, 28, 30, 39, 28, 10, 34, 27, 2, 20, 39, 28, 5, 22, 8, 39, 20, 16, 31, 2, 14, 27, 1, 13, 28, 39]
    PRED: [27, 16, 19, 39, 26, 27, 2, 29, 37, 39, 8, 10, 34, 2, 20, 39, 28, 5, 8, 37, 39, 20, 16, 1, 14, 27, 1, 13, 39]
    Edit distance: 12/33
  Sample 2:
    TRUE: [28, 24, 39, 27, 33, 20, 37, 39, 35, 17, 39, 21, 12, 8, 39, 16, 22, 39, 2, 22, 2, 6, 1, 29, 30, 39, 19, 2, 20, 33, 38, 2, 22, 39]
    PRED: [9, 2, 39, 27, 33, 20, 37, 39, 35, 17, 39, 6, 12, 8, 39, 16, 22, 39, 16, 22, 8, 11, 34, 10, 28, 30, 39, 19, 2, 20, 33, 38, 2, 22, 39]
    Edit distance: 9/34
  Sample 3:
    TRUE: [20, 3, 27, 17, 37, 39, 19, 0, 28, 30, 33, 21, 39, 22, 17, 8, 2, 8, 39, 6, 20, 1, 19, 39, 14, 20, 2, 34, 37, 39, 30, 33, 39, 6, 17, 39, 19, 2, 21, 26, 20, 17, 30, 20, 17, 39, 10, 20, 2, 14, 2, 22, 30, 39]
    PRED: [19, 27, 5, 12, 37, 39, 19, 5, 28, 33, 21, 37, 39, 22, 10, 8, 17, 8, 39, 6, 27, 2, 19, 20, 2, 34, 39, 30, 33, 39, 6, 17, 39, 19, 2, 21, 26, 17, 30, 20, 17, 39, 1, 20, 2, 22, 39]
    Edit distance: 19/54
  Sample 4:
    TRUE: [9, 2, 39, 30, 33, 31, 39, 13, 10, 27, 17, 39, 13, 11, 14, 0, 30, 39, 30, 33, 39, 19, 2, 21, 39, 35, 10, 22, 39, 27, 0, 18, 11, 37, 39, 30, 33, 31, 39, 13, 10, 20, 39, 4, 30, 39]
    PRED: [9, 2, 39, 27, 33, 31, 39, 34, 10, 27, 17, 39, 27, 2, 2, 19, 30, 39, 30, 33, 39, 19, 2, 21, 39, 27, 10, 22, 8, 39, 35, 5, 28, 11, 37, 39, 9, 33, 39, 13, 5, 39, 3, 30, 39]
    Edit distance: 16/46

============================================================
Batch 13500 | Val PER: 0.2281
============================================================
  Sample 0:
    TRUE: [31, 17, 0, 19, 27, 2, 28, 17, 39, 27, 17, 19, 2, 22, 28, 16, 8, 11, 8, 39]
    PRED: [29, 27, 2, 0, 19, 3, 28, 39, 27, 16, 19, 35, 0, 12, 30, 16, 8, 39]
    Edit distance: 13/20
  Sample 1:
    TRUE: [27, 16, 7, 39, 26, 11, 7, 2, 28, 30, 39, 28, 10, 34, 27, 2, 20, 39, 28, 5, 22, 8, 39, 20, 16, 31, 2, 14, 27, 1, 13, 28, 39]
    PRED: [27, 16, 19, 39, 28, 26, 27, 0, 29, 39, 10, 34, 2, 20, 39, 15, 2, 8, 37, 39, 20, 16, 2, 13, 39]
    Edit distance: 18/33
  Sample 2:
    TRUE: [28, 24, 39, 27, 33, 20, 37, 39, 35, 17, 39, 21, 12, 8, 39, 16, 22, 39, 2, 22, 2, 6, 1, 29, 30, 39, 19, 2, 20, 33, 38, 2, 22, 39]
    PRED: [9, 2, 39, 27, 33, 20, 37, 39, 35, 17, 39, 21, 12, 8, 39, 16, 22, 39, 1, 22, 2, 21, 6, 10, 28, 39, 19, 2, 20, 33, 38, 2, 22, 39]
    Edit distance: 7/34
  Sample 3:
    TRUE: [20, 3, 27, 17, 37, 39, 19, 0, 28, 30, 33, 21, 39, 22, 17, 8, 2, 8, 39, 6, 20, 1, 19, 39, 14, 20, 2, 34, 37, 39, 30, 33, 39, 6, 17, 39, 19, 2, 21, 26, 20, 17, 30, 20, 17, 39, 10, 20, 2, 14, 2, 22, 30, 39]
    PRED: [19, 20, 27, 24, 16, 39, 19, 0, 28, 33, 21, 39, 22, 17, 8, 39, 6, 27, 12, 19, 39, 20, 2, 34, 8, 37, 39, 30, 33, 39, 6, 17, 39, 19, 21, 26, 17, 30, 39, 10, 20, 2, 22, 39]
    Edit distance: 18/54
  Sample 4:
    TRUE: [9, 2, 39, 30, 33, 31, 39, 13, 10, 27, 17, 39, 13, 11, 14, 0, 30, 39, 30, 33, 39, 19, 2, 21, 39, 35, 10, 22, 39, 27, 0, 18, 11, 37, 39, 30, 33, 31, 39, 13, 10, 20, 39, 4, 30, 39]
    PRED: [9, 2, 39, 30, 27, 33, 34, 39, 13, 10, 27, 10, 27, 39, 27, 16, 3, 30, 39, 30, 33, 39, 19, 2, 21, 39, 27, 10, 22, 8, 39, 35, 3, 35, 11, 39, 9, 33, 31, 39, 13, 10, 39, 4, 30, 39]
    Edit distance: 16/46

============================================================
Batch 14000 | Val PER: 0.2270
============================================================
  Sample 0:
    TRUE: [31, 17, 0, 19, 27, 2, 28, 17, 39, 27, 17, 19, 2, 22, 28, 16, 8, 11, 8, 39]
    PRED: [29, 27, 2, 0, 19, 27, 2, 28, 39, 2, 2, 8, 2, 30, 8, 39]
    Edit distance: 12/20
  Sample 1:
    TRUE: [27, 16, 7, 39, 26, 11, 7, 2, 28, 30, 39, 28, 10, 34, 27, 2, 20, 39, 28, 5, 22, 8, 39, 20, 16, 31, 2, 14, 27, 1, 13, 28, 39]
    PRED: [27, 1, 19, 28, 39, 26, 27, 2, 29, 37, 39, 30, 10, 6, 2, 20, 39, 28, 2, 22, 8, 37, 39, 19, 16, 28, 2, 14, 2, 13, 39]
    Edit distance: 17/33
  Sample 2:
    TRUE: [28, 24, 39, 27, 33, 20, 37, 39, 35, 17, 39, 21, 12, 8, 39, 16, 22, 39, 2, 22, 2, 6, 1, 29, 30, 39, 19, 2, 20, 33, 38, 2, 22, 39]
    PRED: [9, 2, 39, 27, 33, 20, 37, 39, 6, 17, 39, 6, 12, 8, 39, 16, 22, 39, 16, 22, 2, 21, 5, 29, 39, 19, 2, 20, 33, 38, 2, 22, 39]
    Edit distance: 8/34
  Sample 3:
    TRUE: [20, 3, 27, 17, 37, 39, 19, 0, 28, 30, 33, 21, 39, 22, 17, 8, 2, 8, 39, 6, 20, 1, 19, 39, 14, 20, 2, 34, 37, 39, 30, 33, 39, 6, 17, 39, 19, 2, 21, 26, 20, 17, 30, 20, 17, 39, 10, 20, 2, 14, 2, 22, 30, 39]
    PRED: [19, 27, 3, 37, 39, 19, 0, 28, 2, 21, 39, 22, 17, 8, 39, 6, 27, 2, 19, 39, 20, 2, 34, 37, 39, 30, 33, 39, 6, 17, 39, 8, 2, 2, 21, 26, 20, 17, 30, 20, 17, 39, 10, 20, 2, 22, 30, 39]
    Edit distance: 14/54
  Sample 4:
    TRUE: [9, 2, 39, 30, 33, 31, 39, 13, 10, 27, 17, 39, 13, 11, 14, 0, 30, 39, 30, 33, 39, 19, 2, 21, 39, 35, 10, 22, 39, 27, 0, 18, 11, 37, 39, 30, 33, 31, 39, 13, 10, 20, 39, 4, 30, 39]
    PRED: [9, 2, 39, 8, 27, 33, 39, 13, 10, 27, 17, 39, 26, 27, 2, 0, 19, 39, 30, 33, 39, 19, 2, 21, 39, 27, 10, 22, 8, 39, 35, 5, 29, 2, 39, 9, 33, 39, 13, 0, 39, 4, 30, 39]
    Edit distance: 18/46

============================================================
Batch 14500 | Val PER: 0.2226
============================================================
  Sample 0:
    TRUE: [31, 17, 0, 19, 27, 2, 28, 17, 39, 27, 17, 19, 2, 22, 28, 16, 8, 11, 8, 39]
    PRED: [19, 17, 0, 19, 2, 28, 39, 27, 17, 19, 0, 22, 30, 2, 30, 8, 39]
    Edit distance: 8/20
  Sample 1:
    TRUE: [27, 16, 7, 39, 26, 11, 7, 2, 28, 30, 39, 28, 10, 34, 27, 2, 20, 39, 28, 5, 22, 8, 39, 20, 16, 31, 2, 14, 27, 1, 13, 28, 39]
    PRED: [27, 16, 19, 28, 26, 24, 29, 16, 39, 20, 10, 34, 2, 20, 39, 15, 5, 22, 8, 39, 20, 16, 28, 2, 20, 14, 2, 13, 30, 39]
    Edit distance: 15/33
  Sample 2:
    TRUE: [28, 24, 39, 27, 33, 20, 37, 39, 35, 17, 39, 21, 12, 8, 39, 16, 22, 39, 2, 22, 2, 6, 1, 29, 30, 39, 19, 2, 20, 33, 38, 2, 22, 39]
    PRED: [9, 2, 39, 27, 33, 20, 37, 39, 35, 17, 39, 6, 17, 8, 39, 16, 22, 39, 16, 22, 2, 10, 28, 30, 39, 19, 33, 20, 33, 38, 2, 22, 39]
    Edit distance: 9/34
  Sample 3:
    TRUE: [20, 3, 27, 17, 37, 39, 19, 0, 28, 30, 33, 21, 39, 22, 17, 8, 2, 8, 39, 6, 20, 1, 19, 39, 14, 20, 2, 34, 37, 39, 30, 33, 39, 6, 17, 39, 19, 2, 21, 26, 20, 17, 30, 20, 17, 39, 10, 20, 2, 14, 2, 22, 30, 39]
    PRED: [19, 3, 37, 39, 19, 24, 28, 33, 21, 37, 39, 22, 17, 8, 17, 8, 39, 6, 20, 27, 2, 19, 39, 20, 2, 34, 37, 39, 30, 33, 39, 6, 17, 39, 19, 2, 21, 26, 20, 17, 30, 20, 39, 10, 20, 2, 22, 39]
    Edit distance: 14/54
  Sample 4:
    TRUE: [9, 2, 39, 30, 33, 31, 39, 13, 10, 27, 17, 39, 13, 11, 14, 0, 30, 39, 30, 33, 39, 19, 2, 21, 39, 35, 10, 22, 39, 27, 0, 18, 11, 37, 39, 30, 33, 31, 39, 13, 10, 20, 39, 4, 30, 39]
    PRED: [9, 2, 39, 30, 33, 31, 39, 13, 10, 27, 17, 39, 26, 27, 24, 0, 19, 30, 8, 39, 30, 33, 39, 19, 2, 21, 39, 27, 10, 22, 8, 39, 35, 5, 11, 39, 28, 33, 31, 39, 13, 10, 39, 4, 30, 39]
    Edit distance: 13/46

============================================================
Batch 15000 | Val PER: 0.2201
============================================================
  Sample 0:
    TRUE: [31, 17, 0, 19, 27, 2, 28, 17, 39, 27, 17, 19, 2, 22, 28, 16, 8, 11, 8, 39]
    PRED: [29, 27, 17, 0, 19, 2, 28, 39, 27, 17, 0, 8, 16, 30, 8, 16, 8, 39]
    Edit distance: 10/20
  Sample 1:
    TRUE: [27, 16, 7, 39, 26, 11, 7, 2, 28, 30, 39, 28, 10, 34, 27, 2, 20, 39, 28, 5, 22, 8, 39, 20, 16, 31, 2, 14, 27, 1, 13, 28, 39]
    PRED: [27, 16, 7, 26, 24, 29, 39, 30, 10, 34, 2, 20, 39, 28, 10, 8, 37, 39, 19, 16, 19, 24, 14, 27, 1, 13, 39]
    Edit distance: 15/33
  Sample 2:
    TRUE: [28, 24, 39, 27, 33, 20, 37, 39, 35, 17, 39, 21, 12, 8, 39, 16, 22, 39, 2, 22, 2, 6, 1, 29, 30, 39, 19, 2, 20, 33, 38, 2, 22, 39]
    PRED: [9, 2, 39, 27, 17, 20, 37, 39, 35, 17, 39, 21, 12, 8, 39, 16, 22, 39, 16, 22, 2, 34, 10, 29, 39, 19, 2, 20, 33, 38, 29, 2, 22, 39]
    Edit distance: 8/34
  Sample 3:
    TRUE: [20, 3, 27, 17, 37, 39, 19, 0, 28, 30, 33, 21, 39, 22, 17, 8, 2, 8, 39, 6, 20, 1, 19, 39, 14, 20, 2, 34, 37, 39, 30, 33, 39, 6, 17, 39, 19, 2, 21, 26, 20, 17, 30, 20, 17, 39, 10, 20, 2, 14, 2, 22, 30, 39]
    PRED: [19, 27, 5, 17, 37, 39, 19, 5, 28, 33, 21, 39, 22, 17, 8, 39, 6, 27, 2, 19, 39, 20, 2, 34, 37, 39, 30, 33, 39, 6, 17, 39, 19, 2, 21, 26, 16, 30, 20, 17, 39, 10, 20, 2, 22, 39]
    Edit distance: 15/54
  Sample 4:
    TRUE: [9, 2, 39, 30, 33, 31, 39, 13, 10, 27, 17, 39, 13, 11, 14, 0, 30, 39, 30, 33, 39, 19, 2, 21, 39, 35, 10, 22, 39, 27, 0, 18, 11, 37, 39, 30, 33, 31, 39, 13, 10, 20, 39, 4, 30, 39]
    PRED: [9, 2, 39, 8, 27, 33, 31, 39, 13, 10, 27, 2, 39, 26, 27, 32, 2, 30, 8, 39, 30, 33, 39, 19, 2, 21, 39, 27, 10, 22, 39, 35, 0, 27, 18, 11, 39, 31, 27, 33, 31, 39, 13, 10, 39, 4, 30, 39]
    Edit distance: 15/46

============================================================
Batch 15500 | Val PER: 0.2212
============================================================
  Sample 0:
    TRUE: [31, 17, 0, 19, 27, 2, 28, 17, 39, 27, 17, 19, 2, 22, 28, 16, 8, 11, 8, 39]
    PRED: [29, 17, 0, 19, 2, 28, 30, 39, 27, 17, 19, 35, 2, 30, 2, 30, 2, 8, 39]
    Edit distance: 9/20
  Sample 1:
    TRUE: [27, 16, 7, 39, 26, 11, 7, 2, 28, 30, 39, 28, 10, 34, 27, 2, 20, 39, 28, 5, 22, 8, 39, 20, 16, 31, 2, 14, 27, 1, 13, 28, 39]
    PRED: [27, 16, 19, 26, 24, 39, 30, 10, 34, 2, 20, 39, 28, 5, 22, 8, 37, 39, 20, 16, 14, 2, 13, 30, 39]
    Edit distance: 15/33
  Sample 2:
    TRUE: [28, 24, 39, 27, 33, 20, 37, 39, 35, 17, 39, 21, 12, 8, 39, 16, 22, 39, 2, 22, 2, 6, 1, 29, 30, 39, 19, 2, 20, 33, 38, 2, 22, 39]
    PRED: [9, 2, 39, 27, 33, 20, 37, 39, 35, 17, 39, 21, 8, 39, 16, 22, 39, 16, 22, 2, 27, 5, 28, 30, 39, 19, 2, 20, 33, 38, 2, 22, 39]
    Edit distance: 7/34
  Sample 3:
    TRUE: [20, 3, 27, 17, 37, 39, 19, 0, 28, 30, 33, 21, 39, 22, 17, 8, 2, 8, 39, 6, 20, 1, 19, 39, 14, 20, 2, 34, 37, 39, 30, 33, 39, 6, 17, 39, 19, 2, 21, 26, 20, 17, 30, 20, 17, 39, 10, 20, 2, 14, 2, 22, 30, 39]
    PRED: [19, 27, 3, 39, 19, 5, 33, 21, 37, 39, 22, 17, 8, 39, 6, 27, 2, 19, 39, 20, 2, 34, 8, 37, 39, 30, 33, 39, 6, 17, 39, 21, 26, 20, 30, 20, 17, 39, 2, 20, 2, 22, 30, 39]
    Edit distance: 20/54
  Sample 4:
    TRUE: [9, 2, 39, 30, 33, 31, 39, 13, 10, 27, 17, 39, 13, 11, 14, 0, 30, 39, 30, 33, 39, 19, 2, 21, 39, 35, 10, 22, 39, 27, 0, 18, 11, 37, 39, 30, 33, 31, 39, 13, 10, 20, 39, 4, 30, 39]
    PRED: [9, 2, 39, 30, 27, 33, 31, 39, 13, 10, 27, 17, 39, 35, 32, 19, 30, 16, 8, 39, 30, 33, 39, 30, 2, 21, 39, 35, 10, 22, 8, 39, 35, 5, 30, 7, 11, 39, 9, 33, 39, 13, 12, 20, 39, 4, 30, 39]
    Edit distance: 17/46

============================================================
Batch 16000 | Val PER: 0.2214
============================================================
  Sample 0:
    TRUE: [31, 17, 0, 19, 27, 2, 28, 17, 39, 27, 17, 19, 2, 22, 28, 16, 8, 11, 8, 39]
    PRED: [29, 2, 0, 2, 28, 39, 27, 17, 0, 22, 2, 30, 2, 11, 8, 39]
    Edit distance: 10/20
  Sample 1:
    TRUE: [27, 16, 7, 39, 26, 11, 7, 2, 28, 30, 39, 28, 10, 34, 27, 2, 20, 39, 28, 5, 22, 8, 39, 20, 16, 31, 2, 14, 27, 1, 13, 28, 39]
    PRED: [7, 16, 19, 26, 0, 39, 10, 34, 2, 20, 39, 28, 5, 22, 37, 39, 19, 16, 1, 13, 39]
    Edit distance: 17/33
  Sample 2:
    TRUE: [28, 24, 39, 27, 33, 20, 37, 39, 35, 17, 39, 21, 12, 8, 39, 16, 22, 39, 2, 22, 2, 6, 1, 29, 30, 39, 19, 2, 20, 33, 38, 2, 22, 39]
    PRED: [9, 2, 39, 27, 33, 20, 39, 35, 17, 39, 21, 12, 8, 39, 16, 22, 39, 16, 22, 8, 2, 21, 1, 29, 39, 19, 2, 20, 33, 38, 29, 2, 22, 39]
    Edit distance: 8/34
  Sample 3:
    TRUE: [20, 3, 27, 17, 37, 39, 19, 0, 28, 30, 33, 21, 39, 22, 17, 8, 2, 8, 39, 6, 20, 1, 19, 39, 14, 20, 2, 34, 37, 39, 30, 33, 39, 6, 17, 39, 19, 2, 21, 26, 20, 17, 30, 20, 17, 39, 10, 20, 2, 14, 2, 22, 30, 39]
    PRED: [31, 24, 37, 39, 19, 0, 33, 21, 37, 39, 22, 17, 8, 39, 6, 1, 19, 39, 29, 2, 20, 8, 37, 39, 30, 33, 39, 6, 17, 39, 2, 21, 26, 2, 30, 20, 17, 39, 10, 20, 2, 22, 30, 39]
    Edit distance: 19/54
  Sample 4:
    TRUE: [9, 2, 39, 30, 33, 31, 39, 13, 10, 27, 17, 39, 13, 11, 14, 0, 30, 39, 30, 33, 39, 19, 2, 21, 39, 35, 10, 22, 39, 27, 0, 18, 11, 37, 39, 30, 33, 31, 39, 13, 10, 20, 39, 4, 30, 39]
    PRED: [9, 2, 39, 30, 33, 31, 39, 13, 10, 27, 17, 39, 26, 27, 16, 0, 30, 2, 39, 30, 33, 39, 19, 2, 21, 39, 35, 16, 22, 39, 35, 5, 7, 11, 39, 31, 33, 31, 39, 13, 3, 20, 39, 4, 30, 39]
    Edit distance: 11/46

============================================================
Batch 16500 | Val PER: 0.2154
============================================================
  Sample 0:
    TRUE: [31, 17, 0, 19, 27, 2, 28, 17, 39, 27, 17, 19, 2, 22, 28, 16, 8, 11, 8, 39]
    PRED: [29, 27, 17, 0, 19, 2, 28, 39, 27, 10, 19, 2, 22, 8, 2, 30, 8, 2, 39]
    Edit distance: 10/20
  Sample 1:
    TRUE: [27, 16, 7, 39, 26, 11, 7, 2, 28, 30, 39, 28, 10, 34, 27, 2, 20, 39, 28, 5, 22, 8, 39, 20, 16, 31, 2, 14, 27, 1, 13, 28, 39]
    PRED: [27, 16, 19, 28, 26, 0, 27, 39, 30, 10, 34, 2, 20, 39, 28, 5, 22, 8, 39, 8, 16, 14, 2, 13, 39]
    Edit distance: 15/33
  Sample 2:
    TRUE: [28, 24, 39, 27, 33, 20, 37, 39, 35, 17, 39, 21, 12, 8, 39, 16, 22, 39, 2, 22, 2, 6, 1, 29, 30, 39, 19, 2, 20, 33, 38, 2, 22, 39]
    PRED: [28, 2, 39, 27, 33, 20, 37, 39, 35, 17, 39, 21, 12, 8, 39, 16, 22, 39, 16, 22, 8, 11, 21, 1, 29, 39, 28, 19, 33, 20, 33, 38, 2, 22, 39]
    Edit distance: 8/34
  Sample 3:
    TRUE: [20, 3, 27, 17, 37, 39, 19, 0, 28, 30, 33, 21, 39, 22, 17, 8, 2, 8, 39, 6, 20, 1, 19, 39, 14, 20, 2, 34, 37, 39, 30, 33, 39, 6, 17, 39, 19, 2, 21, 26, 20, 17, 30, 20, 17, 39, 10, 20, 2, 14, 2, 22, 30, 39]
    PRED: [19, 27, 24, 12, 39, 19, 5, 28, 24, 21, 39, 22, 17, 8, 39, 6, 1, 19, 39, 20, 2, 34, 37, 39, 30, 33, 39, 6, 17, 39, 21, 26, 17, 30, 20, 17, 39, 10, 20, 2, 22, 39]
    Edit distance: 17/54
  Sample 4:
    TRUE: [9, 2, 39, 30, 33, 31, 39, 13, 10, 27, 17, 39, 13, 11, 14, 0, 30, 39, 30, 33, 39, 19, 2, 21, 39, 35, 10, 22, 39, 27, 0, 18, 11, 37, 39, 30, 33, 31, 39, 13, 10, 20, 39, 4, 30, 39]
    PRED: [9, 2, 39, 30, 27, 33, 31, 39, 31, 10, 27, 17, 39, 27, 16, 2, 30, 39, 30, 33, 39, 19, 2, 21, 39, 27, 10, 22, 39, 35, 5, 2, 39, 30, 33, 31, 39, 13, 12, 39, 4, 30, 39, 5]
    Edit distance: 15/46

============================================================
Batch 17000 | Val PER: 0.2155
============================================================
  Sample 0:
    TRUE: [31, 17, 0, 19, 27, 2, 28, 17, 39, 27, 17, 19, 2, 22, 28, 16, 8, 11, 8, 39]
    PRED: [15, 17, 0, 19, 27, 2, 29, 30, 39, 27, 17, 35, 2, 22, 8, 2, 30, 8, 39]
    Edit distance: 8/20
  Sample 1:
    TRUE: [27, 16, 7, 39, 26, 11, 7, 2, 28, 30, 39, 28, 10, 34, 27, 2, 20, 39, 28, 5, 22, 8, 39, 20, 16, 31, 2, 14, 27, 1, 13, 28, 39]
    PRED: [27, 16, 7, 19, 39, 26, 0, 2, 29, 30, 39, 30, 10, 34, 2, 20, 39, 28, 5, 22, 8, 39, 8, 16, 27, 10, 14, 1, 13, 39]
    Edit distance: 11/33
  Sample 2:
    TRUE: [28, 24, 39, 27, 33, 20, 37, 39, 35, 17, 39, 21, 12, 8, 39, 16, 22, 39, 2, 22, 2, 6, 1, 29, 30, 39, 19, 2, 20, 33, 38, 2, 22, 39]
    PRED: [15, 2, 39, 33, 20, 37, 39, 35, 17, 39, 21, 12, 8, 39, 16, 22, 39, 16, 22, 8, 2, 34, 1, 29, 39, 30, 2, 20, 33, 38, 2, 22, 39]
    Edit distance: 8/34
  Sample 3:
    TRUE: [20, 3, 27, 17, 37, 39, 19, 0, 28, 30, 33, 21, 39, 22, 17, 8, 2, 8, 39, 6, 20, 1, 19, 39, 14, 20, 2, 34, 37, 39, 30, 33, 39, 6, 17, 39, 19, 2, 21, 26, 20, 17, 30, 20, 17, 39, 10, 20, 2, 14, 2, 22, 30, 39]
    PRED: [19, 24, 12, 39, 19, 5, 33, 21, 39, 22, 17, 8, 39, 6, 27, 1, 19, 39, 20, 2, 13, 8, 39, 30, 33, 39, 6, 17, 39, 30, 21, 26, 17, 30, 17, 39, 1, 20, 2, 22, 30, 39]
    Edit distance: 21/54
  Sample 4:
    TRUE: [9, 2, 39, 30, 33, 31, 39, 13, 10, 27, 17, 39, 13, 11, 14, 0, 30, 39, 30, 33, 39, 19, 2, 21, 39, 35, 10, 22, 39, 27, 0, 18, 11, 37, 39, 30, 33, 31, 39, 13, 10, 20, 39, 4, 30, 39]
    PRED: [9, 2, 39, 30, 27, 33, 31, 39, 34, 10, 27, 17, 39, 26, 27, 2, 0, 19, 30, 39, 30, 33, 39, 19, 0, 21, 39, 35, 10, 22, 39, 35, 3, 11, 39, 30, 33, 31, 39, 13, 16, 20, 39, 4, 30, 39]
    Edit distance: 12/46

============================================================
Batch 17500 | Val PER: 0.2156
============================================================
  Sample 0:
    TRUE: [31, 17, 0, 19, 27, 2, 28, 17, 39, 27, 17, 19, 2, 22, 28, 16, 8, 11, 8, 39]
    PRED: [29, 27, 2, 0, 19, 2, 28, 39, 27, 17, 19, 2, 8, 2, 30, 2, 39]
    Edit distance: 11/20
  Sample 1:
    TRUE: [27, 16, 7, 39, 26, 11, 7, 2, 28, 30, 39, 28, 10, 34, 27, 2, 20, 39, 28, 5, 22, 8, 39, 20, 16, 31, 2, 14, 27, 1, 13, 28, 39]
    PRED: [27, 16, 19, 28, 26, 0, 29, 39, 30, 10, 34, 2, 20, 39, 28, 5, 37, 8, 37, 39, 8, 16, 28, 14, 1, 13, 28, 39]
    Edit distance: 15/33
  Sample 2:
    TRUE: [28, 24, 39, 27, 33, 20, 37, 39, 35, 17, 39, 21, 12, 8, 39, 16, 22, 39, 2, 22, 2, 6, 1, 29, 30, 39, 19, 2, 20, 33, 38, 2, 22, 39]
    PRED: [9, 2, 39, 27, 33, 20, 37, 39, 35, 17, 39, 6, 12, 8, 39, 16, 22, 39, 16, 22, 2, 11, 21, 1, 29, 39, 19, 2, 20, 33, 38, 2, 22, 39]
    Edit distance: 7/34
  Sample 3:
    TRUE: [20, 3, 27, 17, 37, 39, 19, 0, 28, 30, 33, 21, 39, 22, 17, 8, 2, 8, 39, 6, 20, 1, 19, 39, 14, 20, 2, 34, 37, 39, 30, 33, 39, 6, 17, 39, 19, 2, 21, 26, 20, 17, 30, 20, 17, 39, 10, 20, 2, 14, 2, 22, 30, 39]
    PRED: [19, 20, 3, 39, 19, 0, 28, 2, 21, 37, 39, 22, 17, 8, 39, 6, 27, 1, 19, 39, 20, 2, 13, 37, 39, 30, 33, 39, 6, 17, 39, 19, 2, 21, 26, 20, 2, 30, 20, 39, 10, 20, 2, 30, 39]
    Edit distance: 17/54
  Sample 4:
    TRUE: [9, 2, 39, 30, 33, 31, 39, 13, 10, 27, 17, 39, 13, 11, 14, 0, 30, 39, 30, 33, 39, 19, 2, 21, 39, 35, 10, 22, 39, 27, 0, 18, 11, 37, 39, 30, 33, 31, 39, 13, 10, 20, 39, 4, 30, 39]
    PRED: [9, 2, 39, 30, 27, 33, 31, 39, 13, 10, 27, 2, 27, 39, 26, 27, 2, 0, 19, 30, 39, 30, 33, 39, 19, 0, 21, 39, 27, 10, 22, 39, 35, 3, 35, 11, 39, 31, 33, 31, 39, 13, 12, 20, 39, 4, 30, 39]
    Edit distance: 15/46
