
============================================================
Batch 0 | Val PER: 0.9062
============================================================
  Sample 0:
    TRUE: [31, 17, 0, 19, 27, 2, 28, 17, 39, 27, 17, 19, 2, 22, 28, 16, 8, 11, 8, 39]
    PRED: [3, 34, 3, 15, 10, 1, 4, 8, 15, 8, 26, 1, 14, 1]
    Edit distance: 20/20
  Sample 1:
    TRUE: [27, 16, 7, 39, 26, 11, 7, 2, 28, 30, 39, 28, 10, 34, 27, 2, 20, 39, 28, 5, 22, 8, 39, 20, 16, 31, 2, 14, 27, 1, 13, 28, 39]
    PRED: [24, 34, 16, 25, 2, 36, 38, 11, 10, 29, 11, 8, 19, 11, 22, 8, 20, 6, 11, 33, 8, 33, 1, 13]
    Edit distance: 26/33
  Sample 2:
    TRUE: [28, 24, 39, 27, 33, 20, 37, 39, 35, 17, 39, 21, 12, 8, 39, 16, 22, 39, 2, 22, 2, 6, 1, 29, 30, 39, 19, 2, 20, 33, 38, 2, 22, 39]
    PRED: [1, 10, 30, 35, 2, 34, 18, 11, 38, 6, 2, 6, 0, 6, 2, 16, 37, 19, 8, 16, 39, 33, 1, 33, 15, 14, 15, 21, 13]
    Edit distance: 32/34
  Sample 3:
    TRUE: [20, 3, 27, 17, 37, 39, 19, 0, 28, 30, 33, 21, 39, 22, 17, 8, 2, 8, 39, 6, 20, 1, 19, 39, 14, 20, 2, 34, 37, 39, 30, 33, 39, 6, 17, 39, 19, 2, 21, 26, 20, 17, 30, 20, 17, 39, 10, 20, 2, 14, 2, 22, 30, 39]
    PRED: [30, 9, 2, 32, 39, 29, 12, 29, 32, 2, 11, 20, 39, 6, 28, 12, 31, 7, 36, 13, 1, 24, 8, 33, 3, 23, 39, 33, 1, 13]
    Edit distance: 48/54
  Sample 4:
    TRUE: [9, 2, 39, 30, 33, 31, 39, 13, 10, 27, 17, 39, 13, 11, 14, 0, 30, 39, 30, 33, 39, 19, 2, 21, 39, 35, 10, 22, 39, 27, 0, 18, 11, 37, 39, 30, 33, 31, 39, 13, 10, 20, 39, 4, 30, 39]
    PRED: [35, 2, 8, 28, 6, 4, 16, 4, 12, 0, 32, 2, 0, 12, 25, 11, 19, 32, 12, 13, 19, 35, 8, 22, 28, 6, 14, 37, 32, 13]
    Edit distance: 40/46

============================================================
Batch 500 | Val PER: 0.5690
============================================================
  Sample 0:
    TRUE: [31, 17, 0, 19, 27, 2, 28, 17, 39, 27, 17, 19, 2, 22, 28, 16, 8, 11, 8, 39]
    PRED: [2, 22, 39, 39, 22, 8, 39]
    Edit distance: 15/20
  Sample 1:
    TRUE: [27, 16, 7, 39, 26, 11, 7, 2, 28, 30, 39, 28, 10, 34, 27, 2, 20, 39, 28, 5, 22, 8, 39, 20, 16, 31, 2, 14, 27, 1, 13, 28, 39]
    PRED: [19, 39, 2, 30, 39, 34, 39, 15, 22, 39, 16, 11, 39]
    Edit distance: 23/33
  Sample 2:
    TRUE: [28, 24, 39, 27, 33, 20, 37, 39, 35, 17, 39, 21, 12, 8, 39, 16, 22, 39, 2, 22, 2, 6, 1, 29, 30, 39, 19, 2, 20, 33, 38, 2, 22, 39]
    PRED: [39, 20, 39, 39, 22, 39, 22, 8, 39, 2, 30, 39, 2, 22, 39]
    Edit distance: 22/34
  Sample 3:
    TRUE: [20, 3, 27, 17, 37, 39, 19, 0, 28, 30, 33, 21, 39, 22, 17, 8, 2, 8, 39, 6, 20, 1, 19, 39, 14, 20, 2, 34, 37, 39, 30, 33, 39, 6, 17, 39, 19, 2, 21, 26, 20, 17, 30, 20, 17, 39, 10, 20, 2, 14, 2, 22, 30, 39]
    PRED: [39, 19, 21, 39, 6, 22, 8, 39, 19, 39, 2, 30, 39, 6, 39, 17, 39, 9, 2, 39, 2, 22, 39]
    Edit distance: 35/54
  Sample 4:
    TRUE: [9, 2, 39, 30, 33, 31, 39, 13, 10, 27, 17, 39, 13, 11, 14, 0, 30, 39, 30, 33, 39, 19, 2, 21, 39, 35, 10, 22, 39, 27, 0, 18, 11, 37, 39, 30, 33, 31, 39, 13, 10, 20, 39, 4, 30, 39]
    PRED: [39, 11, 39, 17, 39, 30, 39, 33, 39, 21, 39, 22, 39, 2, 30, 39, 24, 39, 30, 39, 30, 39]
    Edit distance: 29/46

============================================================
Batch 1000 | Val PER: 0.3765
============================================================
  Sample 0:
    TRUE: [31, 17, 0, 19, 27, 2, 28, 17, 39, 27, 17, 19, 2, 22, 28, 16, 8, 11, 8, 39]
    PRED: [10, 19, 19, 2, 22, 39, 14, 8, 39]
    Edit distance: 14/20
  Sample 1:
    TRUE: [27, 16, 7, 39, 26, 11, 7, 2, 28, 30, 39, 28, 10, 34, 27, 2, 20, 39, 28, 5, 22, 8, 39, 20, 16, 31, 2, 14, 27, 1, 13, 28, 39]
    PRED: [12, 28, 39, 26, 0, 29, 2, 22, 39, 10, 34, 11, 39, 1, 22, 2, 22, 8, 39, 16, 28, 24, 13, 30, 39]
    Edit distance: 21/33
  Sample 2:
    TRUE: [28, 24, 39, 27, 33, 20, 37, 39, 35, 17, 39, 21, 12, 8, 39, 16, 22, 39, 2, 22, 2, 6, 1, 29, 30, 39, 19, 2, 20, 33, 38, 2, 22, 39]
    PRED: [2, 39, 20, 39, 21, 5, 39, 21, 22, 8, 39, 16, 22, 39, 2, 22, 2, 1, 29, 39, 19, 38, 2, 22, 39]
    Edit distance: 13/34
  Sample 3:
    TRUE: [20, 3, 27, 17, 37, 39, 19, 0, 28, 30, 33, 21, 39, 22, 17, 8, 2, 8, 39, 6, 20, 1, 19, 39, 14, 20, 2, 34, 37, 39, 30, 33, 39, 6, 17, 39, 19, 2, 21, 26, 20, 17, 30, 20, 17, 39, 10, 20, 2, 14, 2, 22, 30, 39]
    PRED: [10, 27, 39, 19, 1, 28, 6, 21, 39, 10, 8, 39, 21, 0, 19, 39, 8, 2, 13, 34, 8, 39, 3, 33, 39, 6, 17, 39, 2, 26, 2, 20, 39, 2, 20, 2, 22, 8, 39]
    Edit distance: 29/54
  Sample 4:
    TRUE: [9, 2, 39, 30, 33, 31, 39, 13, 10, 27, 17, 39, 13, 11, 14, 0, 30, 39, 30, 33, 39, 19, 2, 21, 39, 35, 10, 22, 39, 27, 0, 18, 11, 37, 39, 30, 33, 31, 39, 13, 10, 20, 39, 4, 30, 39]
    PRED: [9, 2, 39, 15, 24, 11, 39, 34, 10, 12, 39, 2, 14, 2, 22, 39, 30, 33, 39, 2, 21, 39, 2, 22, 39, 10, 22, 39, 30, 24, 37, 39, 13, 10, 30, 39, 4, 30, 39]
    Edit distance: 21/46

============================================================
Batch 1500 | Val PER: 0.3160
============================================================
  Sample 0:
    TRUE: [31, 17, 0, 19, 27, 2, 28, 17, 39, 27, 17, 19, 2, 22, 28, 16, 8, 11, 8, 39]
    PRED: [9, 1, 3, 19, 2, 28, 39, 27, 17, 14, 14, 0, 22, 30, 2, 30, 2, 39]
    Edit distance: 13/20
  Sample 1:
    TRUE: [27, 16, 7, 39, 26, 11, 7, 2, 28, 30, 39, 28, 10, 34, 27, 2, 20, 39, 28, 5, 22, 8, 39, 20, 16, 31, 2, 14, 27, 1, 13, 28, 39]
    PRED: [27, 1, 19, 28, 39, 26, 11, 7, 16, 28, 39, 10, 34, 11, 39, 19, 2, 22, 8, 39, 9, 16, 28, 2, 2, 13, 39]
    Edit distance: 17/33
  Sample 2:
    TRUE: [28, 24, 39, 27, 33, 20, 37, 39, 35, 17, 39, 21, 12, 8, 39, 16, 22, 39, 2, 22, 2, 6, 1, 29, 30, 39, 19, 2, 20, 33, 38, 2, 22, 39]
    PRED: [2, 39, 35, 16, 20, 37, 39, 21, 17, 39, 21, 10, 22, 8, 39, 16, 22, 39, 2, 22, 2, 26, 27, 1, 29, 39, 30, 20, 33, 2, 22, 39]
    Edit distance: 13/34
  Sample 3:
    TRUE: [20, 3, 27, 17, 37, 39, 19, 0, 28, 30, 33, 21, 39, 22, 17, 8, 2, 8, 39, 6, 20, 1, 19, 39, 14, 20, 2, 34, 37, 39, 30, 33, 39, 6, 17, 39, 19, 2, 21, 26, 20, 17, 30, 20, 17, 39, 10, 20, 2, 14, 2, 22, 30, 39]
    PRED: [30, 25, 27, 37, 39, 19, 2, 28, 0, 26, 39, 22, 17, 8, 39, 21, 0, 19, 39, 20, 2, 13, 39, 30, 33, 39, 6, 17, 39, 28, 2, 26, 36, 2, 30, 2, 20, 17, 39, 2, 20, 2, 20, 2, 30, 22, 8, 39]
    Edit distance: 24/54
  Sample 4:
    TRUE: [9, 2, 39, 30, 33, 31, 39, 13, 10, 27, 17, 39, 13, 11, 14, 0, 30, 39, 30, 33, 39, 19, 2, 21, 39, 35, 10, 22, 39, 27, 0, 18, 11, 37, 39, 30, 33, 31, 39, 13, 10, 20, 39, 4, 30, 39]
    PRED: [9, 2, 39, 30, 33, 31, 39, 34, 2, 17, 11, 39, 26, 32, 14, 0, 30, 39, 30, 33, 39, 15, 2, 21, 39, 35, 10, 22, 39, 35, 11, 38, 2, 11, 37, 39, 30, 33, 31, 39, 34, 5, 20, 30, 2, 20, 39, 4, 30, 39]
    Edit distance: 16/46

============================================================
Batch 2000 | Val PER: 0.2813
============================================================
  Sample 0:
    TRUE: [31, 17, 0, 19, 27, 2, 28, 17, 39, 27, 17, 19, 2, 22, 28, 16, 8, 11, 8, 39]
    PRED: [9, 2, 3, 19, 28, 39, 2, 14, 0, 22, 39]
    Edit distance: 15/20
  Sample 1:
    TRUE: [27, 16, 7, 39, 26, 11, 7, 2, 28, 30, 39, 28, 10, 34, 27, 2, 20, 39, 28, 5, 22, 8, 39, 20, 16, 31, 2, 14, 27, 1, 13, 28, 39]
    PRED: [27, 1, 19, 28, 39, 26, 11, 27, 7, 2, 39, 10, 34, 11, 20, 39, 19, 2, 22, 39, 20, 16, 28, 2, 2, 13, 39]
    Edit distance: 17/33
  Sample 2:
    TRUE: [28, 24, 39, 27, 33, 20, 37, 39, 35, 17, 39, 21, 12, 8, 39, 16, 22, 39, 2, 22, 2, 6, 1, 29, 30, 39, 19, 2, 20, 33, 38, 2, 22, 39]
    PRED: [9, 2, 39, 27, 11, 20, 37, 39, 35, 17, 39, 21, 10, 22, 8, 39, 16, 22, 39, 10, 22, 34, 1, 28, 39, 19, 2, 20, 20, 33, 2, 22, 39]
    Edit distance: 12/34
  Sample 3:
    TRUE: [20, 3, 27, 17, 37, 39, 19, 0, 28, 30, 33, 21, 39, 22, 17, 8, 2, 8, 39, 6, 20, 1, 19, 39, 14, 20, 2, 34, 37, 39, 30, 33, 39, 6, 17, 39, 19, 2, 21, 26, 20, 17, 30, 20, 17, 39, 10, 20, 2, 14, 2, 22, 30, 39]
    PRED: [19, 3, 27, 39, 19, 10, 28, 2, 6, 21, 39, 22, 17, 8, 39, 6, 2, 19, 39, 20, 2, 13, 39, 30, 33, 39, 6, 17, 39, 28, 2, 21, 26, 2, 30, 2, 20, 39, 1, 20, 2, 22, 39]
    Edit distance: 22/54
  Sample 4:
    TRUE: [9, 2, 39, 30, 33, 31, 39, 13, 10, 27, 17, 39, 13, 11, 14, 0, 30, 39, 30, 33, 39, 19, 2, 21, 39, 35, 10, 22, 39, 27, 0, 18, 11, 37, 39, 30, 33, 31, 39, 13, 10, 20, 39, 4, 30, 39]
    PRED: [9, 2, 39, 28, 30, 33, 31, 39, 34, 10, 17, 39, 6, 32, 19, 0, 30, 39, 30, 33, 39, 15, 2, 21, 39, 27, 2, 22, 39, 35, 11, 11, 37, 39, 31, 33, 37, 39, 34, 5, 4, 30, 39]
    Edit distance: 18/46

============================================================
Batch 2500 | Val PER: 0.2603
============================================================
  Sample 0:
    TRUE: [31, 17, 0, 19, 27, 2, 28, 17, 39, 27, 17, 19, 2, 22, 28, 16, 8, 11, 8, 39]
    PRED: [9, 12, 3, 19, 28, 39, 27, 2, 14, 24, 30, 17, 39]
    Edit distance: 14/20
  Sample 1:
    TRUE: [27, 16, 7, 39, 26, 11, 7, 2, 28, 30, 39, 28, 10, 34, 27, 2, 20, 39, 28, 5, 22, 8, 39, 20, 16, 31, 2, 14, 27, 1, 13, 28, 39]
    PRED: [27, 1, 19, 39, 26, 0, 7, 16, 23, 39, 10, 34, 11, 39, 14, 1, 22, 39, 20, 16, 9, 2, 14, 2, 13, 39]
    Edit distance: 17/33
  Sample 2:
    TRUE: [28, 24, 39, 27, 33, 20, 37, 39, 35, 17, 39, 21, 12, 8, 39, 16, 22, 39, 2, 22, 2, 6, 1, 29, 30, 39, 19, 2, 20, 33, 38, 2, 22, 39]
    PRED: [9, 2, 39, 27, 11, 20, 37, 39, 35, 17, 39, 21, 17, 22, 8, 39, 16, 22, 39, 16, 22, 13, 1, 28, 39, 19, 24, 20, 24, 2, 22, 39]
    Edit distance: 13/34
  Sample 3:
    TRUE: [20, 3, 27, 17, 37, 39, 19, 0, 28, 30, 33, 21, 39, 22, 17, 8, 2, 8, 39, 6, 20, 1, 19, 39, 14, 20, 2, 34, 37, 39, 30, 33, 39, 6, 17, 39, 19, 2, 21, 26, 20, 17, 30, 20, 17, 39, 10, 20, 2, 14, 2, 22, 30, 39]
    PRED: [14, 3, 27, 39, 19, 4, 21, 39, 8, 16, 8, 39, 6, 19, 39, 20, 2, 34, 39, 30, 33, 39, 6, 17, 39, 19, 2, 21, 26, 16, 30, 2, 39, 2, 20, 2, 22, 39]
    Edit distance: 22/54
  Sample 4:
    TRUE: [9, 2, 39, 30, 33, 31, 39, 13, 10, 27, 17, 39, 13, 11, 14, 0, 30, 39, 30, 33, 39, 19, 2, 21, 39, 35, 10, 22, 39, 27, 0, 18, 11, 37, 39, 30, 33, 31, 39, 13, 10, 20, 39, 4, 30, 39]
    PRED: [9, 2, 39, 28, 30, 33, 31, 39, 34, 2, 17, 39, 26, 16, 19, 0, 19, 39, 30, 33, 39, 19, 2, 21, 39, 27, 1, 22, 39, 11, 7, 11, 39, 30, 33, 37, 31, 39, 13, 5, 39, 4, 30, 39]
    Edit distance: 17/46

============================================================
Batch 3000 | Val PER: 0.2416
============================================================
  Sample 0:
    TRUE: [31, 17, 0, 19, 27, 2, 28, 17, 39, 27, 17, 19, 2, 22, 28, 16, 8, 11, 8, 39]
    PRED: [15, 4, 19, 11, 28, 39, 2, 19, 2, 22, 8, 12, 8, 39]
    Edit distance: 11/20
  Sample 1:
    TRUE: [27, 16, 7, 39, 26, 11, 7, 2, 28, 30, 39, 28, 10, 34, 27, 2, 20, 39, 28, 5, 22, 8, 39, 20, 16, 31, 2, 14, 27, 1, 13, 28, 39]
    PRED: [7, 1, 19, 28, 26, 0, 18, 2, 28, 39, 10, 34, 11, 39, 19, 2, 22, 39, 20, 16, 2, 39, 14, 2, 13, 39]
    Edit distance: 19/33
  Sample 2:
    TRUE: [28, 24, 39, 27, 33, 20, 37, 39, 35, 17, 39, 21, 12, 8, 39, 16, 22, 39, 2, 22, 2, 6, 1, 29, 30, 39, 19, 2, 20, 33, 38, 2, 22, 39]
    PRED: [9, 24, 39, 27, 16, 20, 35, 37, 39, 35, 17, 39, 21, 12, 8, 39, 16, 22, 39, 2, 22, 8, 34, 1, 28, 39, 19, 20, 33, 38, 2, 22, 39]
    Edit distance: 8/34
  Sample 3:
    TRUE: [20, 3, 27, 17, 37, 39, 19, 0, 28, 30, 33, 21, 39, 22, 17, 8, 2, 8, 39, 6, 20, 1, 19, 39, 14, 20, 2, 34, 37, 39, 30, 33, 39, 6, 17, 39, 19, 2, 21, 26, 20, 17, 30, 20, 17, 39, 10, 20, 2, 14, 2, 22, 30, 39]
    PRED: [19, 3, 27, 35, 37, 39, 19, 4, 6, 21, 39, 8, 12, 8, 2, 8, 39, 6, 12, 19, 39, 20, 2, 34, 39, 30, 33, 39, 6, 17, 39, 19, 2, 21, 26, 2, 30, 2, 20, 39, 2, 20, 2, 22, 8, 39]
    Edit distance: 20/54
  Sample 4:
    TRUE: [9, 2, 39, 30, 33, 31, 39, 13, 10, 27, 17, 39, 13, 11, 14, 0, 30, 39, 30, 33, 39, 19, 2, 21, 39, 35, 10, 22, 39, 27, 0, 18, 11, 37, 39, 30, 33, 31, 39, 13, 10, 20, 39, 4, 30, 39]
    PRED: [9, 2, 39, 30, 33, 31, 39, 34, 10, 27, 17, 27, 39, 26, 0, 19, 0, 19, 39, 30, 33, 39, 15, 24, 21, 39, 27, 2, 22, 39, 35, 2, 18, 39, 30, 33, 39, 13, 1, 4, 30, 39]
    Edit distance: 18/46

============================================================
Batch 3500 | Val PER: 0.2369
============================================================
  Sample 0:
    TRUE: [31, 17, 0, 19, 27, 2, 28, 17, 39, 27, 17, 19, 2, 22, 28, 16, 8, 11, 8, 39]
    PRED: [9, 1, 39, 0, 19, 30, 11, 37, 39, 27, 17, 0, 22, 8, 8, 2, 8, 39]
    Edit distance: 12/20
  Sample 1:
    TRUE: [27, 16, 7, 39, 26, 11, 7, 2, 28, 30, 39, 28, 10, 34, 27, 2, 20, 39, 28, 5, 22, 8, 39, 20, 16, 31, 2, 14, 27, 1, 13, 28, 39]
    PRED: [27, 1, 19, 39, 26, 0, 27, 7, 2, 39, 10, 34, 2, 20, 39, 1, 22, 8, 39, 20, 16, 28, 2, 39, 14, 2, 13, 39]
    Edit distance: 15/33
  Sample 2:
    TRUE: [28, 24, 39, 27, 33, 20, 37, 39, 35, 17, 39, 21, 12, 8, 39, 16, 22, 39, 2, 22, 2, 6, 1, 29, 30, 39, 19, 2, 20, 33, 38, 2, 22, 39]
    PRED: [9, 24, 39, 35, 11, 20, 35, 37, 39, 35, 17, 39, 21, 12, 8, 39, 16, 22, 39, 16, 22, 2, 34, 1, 28, 39, 19, 2, 20, 33, 38, 2, 22, 39]
    Edit distance: 8/34
  Sample 3:
    TRUE: [20, 3, 27, 17, 37, 39, 19, 0, 28, 30, 33, 21, 39, 22, 17, 8, 2, 8, 39, 6, 20, 1, 19, 39, 14, 20, 2, 34, 37, 39, 30, 33, 39, 6, 17, 39, 19, 2, 21, 26, 20, 17, 30, 20, 17, 39, 10, 20, 2, 14, 2, 22, 30, 39]
    PRED: [14, 3, 27, 17, 37, 39, 19, 1, 28, 2, 6, 21, 39, 22, 17, 8, 8, 39, 6, 1, 19, 39, 20, 2, 34, 39, 30, 33, 39, 6, 17, 39, 19, 2, 21, 26, 2, 30, 20, 39, 1, 20, 2, 20, 2, 22, 39]
    Edit distance: 14/54
  Sample 4:
    TRUE: [9, 2, 39, 30, 33, 31, 39, 13, 10, 27, 17, 39, 13, 11, 14, 0, 30, 39, 30, 33, 39, 19, 2, 21, 39, 35, 10, 22, 39, 27, 0, 18, 11, 37, 39, 30, 33, 31, 39, 13, 10, 20, 39, 4, 30, 39]
    PRED: [9, 2, 39, 30, 33, 31, 39, 13, 10, 27, 17, 39, 6, 27, 16, 19, 0, 19, 39, 30, 33, 39, 19, 2, 21, 39, 35, 2, 22, 39, 35, 11, 18, 11, 37, 39, 30, 33, 39, 13, 1, 8, 39, 4, 30, 39]
    Edit distance: 11/46

============================================================
Batch 4000 | Val PER: 0.2288
============================================================
  Sample 0:
    TRUE: [31, 17, 0, 19, 27, 2, 28, 17, 39, 27, 17, 19, 2, 22, 28, 16, 8, 11, 8, 39]
    PRED: [9, 1, 19, 2, 28, 39, 27, 2, 2, 22, 8, 12, 8, 2, 39]
    Edit distance: 11/20
  Sample 1:
    TRUE: [27, 16, 7, 39, 26, 11, 7, 2, 28, 30, 39, 28, 10, 34, 27, 2, 20, 39, 28, 5, 22, 8, 39, 20, 16, 31, 2, 14, 27, 1, 13, 28, 39]
    PRED: [27, 1, 19, 39, 26, 0, 7, 2, 37, 39, 10, 34, 20, 39, 28, 1, 22, 39, 20, 16, 31, 2, 14, 10, 13, 39]
    Edit distance: 13/33
  Sample 2:
    TRUE: [28, 24, 39, 27, 33, 20, 37, 39, 35, 17, 39, 21, 12, 8, 39, 16, 22, 39, 2, 22, 2, 6, 1, 29, 30, 39, 19, 2, 20, 33, 38, 2, 22, 39]
    PRED: [9, 24, 39, 27, 11, 20, 37, 39, 35, 17, 39, 21, 17, 8, 39, 16, 22, 39, 16, 22, 2, 34, 1, 29, 39, 19, 2, 20, 33, 38, 2, 22, 39]
    Edit distance: 6/34
  Sample 3:
    TRUE: [20, 3, 27, 17, 37, 39, 19, 0, 28, 30, 33, 21, 39, 22, 17, 8, 2, 8, 39, 6, 20, 1, 19, 39, 14, 20, 2, 34, 37, 39, 30, 33, 39, 6, 17, 39, 19, 2, 21, 26, 20, 17, 30, 20, 17, 39, 10, 20, 2, 14, 2, 22, 30, 39]
    PRED: [19, 20, 3, 27, 37, 39, 19, 4, 28, 19, 24, 21, 39, 22, 17, 8, 39, 6, 1, 19, 39, 20, 5, 13, 39, 30, 33, 39, 6, 17, 39, 28, 2, 21, 26, 20, 30, 20, 39, 17, 20, 2, 20, 2, 22, 39]
    Edit distance: 18/54
  Sample 4:
    TRUE: [9, 2, 39, 30, 33, 31, 39, 13, 10, 27, 17, 39, 13, 11, 14, 0, 30, 39, 30, 33, 39, 19, 2, 21, 39, 35, 10, 22, 39, 27, 0, 18, 11, 37, 39, 30, 33, 31, 39, 13, 10, 20, 39, 4, 30, 39]
    PRED: [9, 2, 39, 28, 30, 33, 31, 39, 13, 10, 27, 17, 39, 13, 2, 19, 0, 19, 30, 39, 30, 33, 39, 19, 2, 21, 39, 27, 10, 22, 39, 35, 5, 19, 11, 37, 39, 20, 33, 37, 39, 13, 5, 39, 4, 30, 39]
    Edit distance: 12/46

============================================================
Batch 4500 | Val PER: 0.2226
============================================================
  Sample 0:
    TRUE: [31, 17, 0, 19, 27, 2, 28, 17, 39, 27, 17, 19, 2, 22, 28, 16, 8, 11, 8, 39]
    PRED: [9, 1, 1, 19, 30, 39, 2, 14, 2, 22, 8, 2, 8, 39]
    Edit distance: 13/20
  Sample 1:
    TRUE: [27, 16, 7, 39, 26, 11, 7, 2, 28, 30, 39, 28, 10, 34, 27, 2, 20, 39, 28, 5, 22, 8, 39, 20, 16, 31, 2, 14, 27, 1, 13, 28, 39]
    PRED: [27, 12, 19, 39, 26, 24, 7, 2, 37, 39, 10, 34, 11, 20, 39, 19, 1, 22, 8, 39, 20, 10, 14, 2, 2, 13, 39]
    Edit distance: 16/33
  Sample 2:
    TRUE: [28, 24, 39, 27, 33, 20, 37, 39, 35, 17, 39, 21, 12, 8, 39, 16, 22, 39, 2, 22, 2, 6, 1, 29, 30, 39, 19, 2, 20, 33, 38, 2, 22, 39]
    PRED: [28, 24, 39, 27, 11, 20, 37, 39, 6, 17, 39, 21, 17, 22, 8, 39, 16, 22, 39, 16, 22, 34, 1, 28, 30, 39, 19, 24, 20, 33, 38, 2, 22, 39]
    Edit distance: 9/34
  Sample 3:
    TRUE: [20, 3, 27, 17, 37, 39, 19, 0, 28, 30, 33, 21, 39, 22, 17, 8, 2, 8, 39, 6, 20, 1, 19, 39, 14, 20, 2, 34, 37, 39, 30, 33, 39, 6, 17, 39, 19, 2, 21, 26, 20, 17, 30, 20, 17, 39, 10, 20, 2, 14, 2, 22, 30, 39]
    PRED: [14, 24, 37, 39, 19, 28, 2, 21, 39, 22, 17, 8, 8, 39, 6, 1, 19, 39, 20, 2, 34, 39, 30, 33, 39, 6, 17, 39, 19, 2, 21, 26, 36, 33, 30, 20, 39, 1, 20, 20, 2, 22, 39]
    Edit distance: 18/54
  Sample 4:
    TRUE: [9, 2, 39, 30, 33, 31, 39, 13, 10, 27, 17, 39, 13, 11, 14, 0, 30, 39, 30, 33, 39, 19, 2, 21, 39, 35, 10, 22, 39, 27, 0, 18, 11, 37, 39, 30, 33, 31, 39, 13, 10, 20, 39, 4, 30, 39]
    PRED: [9, 2, 39, 30, 27, 33, 31, 39, 34, 10, 27, 17, 39, 26, 27, 24, 14, 0, 19, 30, 2, 21, 39, 30, 33, 39, 19, 2, 21, 39, 13, 27, 4, 22, 39, 11, 11, 19, 11, 37, 39, 30, 33, 39, 13, 4, 2, 4, 30, 39]
    Edit distance: 18/46

============================================================
Batch 5000 | Val PER: 0.2211
============================================================
  Sample 0:
    TRUE: [31, 17, 0, 19, 27, 2, 28, 17, 39, 27, 17, 19, 2, 22, 28, 16, 8, 11, 8, 39]
    PRED: [9, 16, 39, 16, 19, 30, 11, 28, 39, 27, 2, 0, 22, 8, 2, 39]
    Edit distance: 14/20
  Sample 1:
    TRUE: [27, 16, 7, 39, 26, 11, 7, 2, 28, 30, 39, 28, 10, 34, 27, 2, 20, 39, 28, 5, 22, 8, 39, 20, 16, 31, 2, 14, 27, 1, 13, 28, 39]
    PRED: [27, 1, 7, 39, 26, 0, 18, 7, 2, 18, 28, 39, 10, 34, 11, 39, 19, 1, 22, 8, 39, 20, 16, 31, 9, 8, 1, 13, 39]
    Edit distance: 15/33
  Sample 2:
    TRUE: [28, 24, 39, 27, 33, 20, 37, 39, 35, 17, 39, 21, 12, 8, 39, 16, 22, 39, 2, 22, 2, 6, 1, 29, 30, 39, 19, 2, 20, 33, 38, 2, 22, 39]
    PRED: [15, 33, 39, 27, 11, 20, 37, 39, 6, 17, 39, 21, 12, 30, 8, 39, 16, 22, 39, 1, 22, 2, 34, 27, 1, 28, 30, 39, 19, 20, 33, 38, 2, 22, 39]
    Edit distance: 10/34
  Sample 3:
    TRUE: [20, 3, 27, 17, 37, 39, 19, 0, 28, 30, 33, 21, 39, 22, 17, 8, 2, 8, 39, 6, 20, 1, 19, 39, 14, 20, 2, 34, 37, 39, 30, 33, 39, 6, 17, 39, 19, 2, 21, 26, 20, 17, 30, 20, 17, 39, 10, 20, 2, 14, 2, 22, 30, 39]
    PRED: [19, 3, 27, 39, 19, 4, 28, 30, 21, 39, 22, 17, 8, 39, 21, 1, 19, 39, 20, 2, 13, 39, 30, 33, 39, 6, 17, 39, 19, 2, 21, 26, 20, 11, 30, 30, 20, 17, 39, 10, 20, 2, 22, 39]
    Edit distance: 17/54
  Sample 4:
    TRUE: [9, 2, 39, 30, 33, 31, 39, 13, 10, 27, 17, 39, 13, 11, 14, 0, 30, 39, 30, 33, 39, 19, 2, 21, 39, 35, 10, 22, 39, 27, 0, 18, 11, 37, 39, 30, 33, 31, 39, 13, 10, 20, 39, 4, 30, 39]
    PRED: [9, 2, 39, 30, 27, 33, 31, 39, 13, 10, 27, 17, 39, 13, 16, 0, 19, 30, 2, 39, 30, 33, 39, 19, 2, 21, 39, 27, 10, 22, 39, 35, 11, 19, 11, 37, 39, 30, 33, 31, 39, 13, 1, 4, 30, 39]
    Edit distance: 12/46

============================================================
Batch 5500 | Val PER: 0.2201
============================================================
  Sample 0:
    TRUE: [31, 17, 0, 19, 27, 2, 28, 17, 39, 27, 17, 19, 2, 22, 28, 16, 8, 11, 8, 39]
    PRED: [9, 3, 19, 28, 39, 27, 16, 19, 0, 22, 8, 8, 2, 8, 39]
    Edit distance: 11/20
  Sample 1:
    TRUE: [27, 16, 7, 39, 26, 11, 7, 2, 28, 30, 39, 28, 10, 34, 27, 2, 20, 39, 28, 5, 22, 8, 39, 20, 16, 31, 2, 14, 27, 1, 13, 28, 39]
    PRED: [27, 12, 7, 19, 39, 26, 27, 2, 18, 7, 2, 30, 39, 10, 34, 11, 20, 39, 28, 2, 22, 8, 39, 20, 10, 31, 2, 14, 2, 13, 39]
    Edit distance: 14/33
  Sample 2:
    TRUE: [28, 24, 39, 27, 33, 20, 37, 39, 35, 17, 39, 21, 12, 8, 39, 16, 22, 39, 2, 22, 2, 6, 1, 29, 30, 39, 19, 2, 20, 33, 38, 2, 22, 39]
    PRED: [28, 24, 39, 27, 33, 20, 37, 39, 6, 17, 39, 21, 10, 8, 39, 16, 22, 39, 16, 22, 16, 34, 1, 28, 30, 39, 28, 19, 2, 20, 33, 38, 2, 22, 39]
    Edit distance: 7/34
  Sample 3:
    TRUE: [20, 3, 27, 17, 37, 39, 19, 0, 28, 30, 33, 21, 39, 22, 17, 8, 2, 8, 39, 6, 20, 1, 19, 39, 14, 20, 2, 34, 37, 39, 30, 33, 39, 6, 17, 39, 19, 2, 21, 26, 20, 17, 30, 20, 17, 39, 10, 20, 2, 14, 2, 22, 30, 39]
    PRED: [14, 27, 3, 27, 39, 19, 4, 28, 2, 21, 39, 22, 17, 8, 39, 6, 27, 1, 19, 39, 20, 2, 34, 37, 39, 30, 33, 39, 6, 17, 39, 19, 2, 21, 26, 16, 30, 20, 17, 39, 2, 20, 2, 22, 8, 39]
    Edit distance: 17/54
  Sample 4:
    TRUE: [9, 2, 39, 30, 33, 31, 39, 13, 10, 27, 17, 39, 13, 11, 14, 0, 30, 39, 30, 33, 39, 19, 2, 21, 39, 35, 10, 22, 39, 27, 0, 18, 11, 37, 39, 30, 33, 31, 39, 13, 10, 20, 39, 4, 30, 39]
    PRED: [9, 2, 39, 30, 27, 33, 31, 39, 34, 10, 27, 17, 39, 26, 27, 0, 19, 0, 19, 2, 8, 39, 30, 33, 39, 19, 2, 21, 39, 27, 10, 22, 39, 35, 11, 29, 7, 11, 37, 39, 22, 33, 31, 39, 13, 1, 4, 30, 39]
    Edit distance: 18/46

============================================================
Batch 6000 | Val PER: 0.2170
============================================================
  Sample 0:
    TRUE: [31, 17, 0, 19, 27, 2, 28, 17, 39, 27, 17, 19, 2, 22, 28, 16, 8, 11, 8, 39]
    PRED: [9, 12, 39, 24, 19, 2, 39, 2, 19, 0, 22, 8, 8, 2, 39]
    Edit distance: 14/20
  Sample 1:
    TRUE: [27, 16, 7, 39, 26, 11, 7, 2, 28, 30, 39, 28, 10, 34, 27, 2, 20, 39, 28, 5, 22, 8, 39, 20, 16, 31, 2, 14, 27, 1, 13, 28, 39]
    PRED: [7, 12, 7, 39, 26, 0, 18, 7, 2, 37, 39, 10, 34, 11, 39, 15, 1, 22, 8, 39, 20, 10, 9, 16, 13, 39]
    Edit distance: 19/33
  Sample 2:
    TRUE: [28, 24, 39, 27, 33, 20, 37, 39, 35, 17, 39, 21, 12, 8, 39, 16, 22, 39, 2, 22, 2, 6, 1, 29, 30, 39, 19, 2, 20, 33, 38, 2, 22, 39]
    PRED: [9, 2, 39, 27, 16, 20, 37, 39, 6, 17, 39, 21, 12, 8, 30, 39, 16, 22, 39, 16, 22, 8, 2, 34, 1, 29, 30, 39, 19, 2, 20, 33, 38, 2, 22, 39]
    Edit distance: 8/34
  Sample 3:
    TRUE: [20, 3, 27, 17, 37, 39, 19, 0, 28, 30, 33, 21, 39, 22, 17, 8, 2, 8, 39, 6, 20, 1, 19, 39, 14, 20, 2, 34, 37, 39, 30, 33, 39, 6, 17, 39, 19, 2, 21, 26, 20, 17, 30, 20, 17, 39, 10, 20, 2, 14, 2, 22, 30, 39]
    PRED: [14, 3, 17, 39, 19, 4, 28, 2, 21, 39, 22, 17, 8, 8, 39, 6, 1, 19, 39, 20, 2, 34, 37, 39, 30, 33, 39, 6, 17, 39, 19, 2, 21, 26, 2, 30, 20, 17, 11, 39, 16, 20, 4, 22, 39]
    Edit distance: 17/54
  Sample 4:
    TRUE: [9, 2, 39, 30, 33, 31, 39, 13, 10, 27, 17, 39, 13, 11, 14, 0, 30, 39, 30, 33, 39, 19, 2, 21, 39, 35, 10, 22, 39, 27, 0, 18, 11, 37, 39, 30, 33, 31, 39, 13, 10, 20, 39, 4, 30, 39]
    PRED: [9, 2, 39, 30, 33, 31, 39, 13, 12, 27, 17, 39, 2, 14, 10, 19, 30, 2, 8, 39, 30, 33, 39, 19, 2, 21, 39, 27, 1, 22, 39, 35, 11, 18, 11, 39, 29, 33, 31, 39, 13, 1, 4, 30, 39]
    Edit distance: 16/46

============================================================
Batch 6500 | Val PER: 0.2158
============================================================
  Sample 0:
    TRUE: [31, 17, 0, 19, 27, 2, 28, 17, 39, 27, 17, 19, 2, 22, 28, 16, 8, 11, 8, 39]
    PRED: [9, 12, 3, 19, 39, 27, 16, 19, 0, 22, 12, 8, 2, 8, 39]
    Edit distance: 12/20
  Sample 1:
    TRUE: [27, 16, 7, 39, 26, 11, 7, 2, 28, 30, 39, 28, 10, 34, 27, 2, 20, 39, 28, 5, 22, 8, 39, 20, 16, 31, 2, 14, 27, 1, 13, 28, 39]
    PRED: [7, 12, 7, 39, 26, 0, 18, 2, 37, 39, 10, 34, 2, 20, 39, 15, 1, 22, 8, 39, 20, 16, 31, 24, 14, 5, 13, 39]
    Edit distance: 14/33
  Sample 2:
    TRUE: [28, 24, 39, 27, 33, 20, 37, 39, 35, 17, 39, 21, 12, 8, 39, 16, 22, 39, 2, 22, 2, 6, 1, 29, 30, 39, 19, 2, 20, 33, 38, 2, 22, 39]
    PRED: [28, 24, 39, 35, 16, 20, 37, 39, 6, 17, 39, 21, 12, 8, 39, 16, 22, 39, 16, 22, 16, 34, 1, 28, 30, 39, 19, 20, 33, 38, 2, 22, 39]
    Edit distance: 8/34
  Sample 3:
    TRUE: [20, 3, 27, 17, 37, 39, 19, 0, 28, 30, 33, 21, 39, 22, 17, 8, 2, 8, 39, 6, 20, 1, 19, 39, 14, 20, 2, 34, 37, 39, 30, 33, 39, 6, 17, 39, 19, 2, 21, 26, 20, 17, 30, 20, 17, 39, 10, 20, 2, 14, 2, 22, 30, 39]
    PRED: [14, 27, 24, 17, 39, 15, 2, 21, 39, 22, 17, 8, 8, 39, 6, 1, 19, 39, 20, 2, 34, 39, 30, 33, 39, 6, 17, 39, 19, 2, 21, 26, 33, 30, 17, 39, 1, 20, 2, 20, 2, 22, 39]
    Edit distance: 19/54
  Sample 4:
    TRUE: [9, 2, 39, 30, 33, 31, 39, 13, 10, 27, 17, 39, 13, 11, 14, 0, 30, 39, 30, 33, 39, 19, 2, 21, 39, 35, 10, 22, 39, 27, 0, 18, 11, 37, 39, 30, 33, 31, 39, 13, 10, 20, 39, 4, 30, 39]
    PRED: [9, 2, 39, 30, 33, 37, 31, 39, 34, 10, 27, 17, 39, 26, 24, 0, 19, 30, 8, 39, 30, 33, 39, 19, 2, 21, 39, 13, 27, 10, 22, 39, 35, 10, 18, 11, 37, 39, 31, 33, 37, 39, 34, 5, 4, 30, 39]
    Edit distance: 17/46

============================================================
Batch 7000 | Val PER: 0.2103
============================================================
  Sample 0:
    TRUE: [31, 17, 0, 19, 27, 2, 28, 17, 39, 27, 17, 19, 2, 22, 28, 16, 8, 11, 8, 39]
    PRED: [9, 12, 39, 3, 19, 30, 28, 39, 27, 16, 2, 22, 12, 30, 2, 8, 39]
    Edit distance: 13/20
  Sample 1:
    TRUE: [27, 16, 7, 39, 26, 11, 7, 2, 28, 30, 39, 28, 10, 34, 27, 2, 20, 39, 28, 5, 22, 8, 39, 20, 16, 31, 2, 14, 27, 1, 13, 28, 39]
    PRED: [27, 1, 7, 39, 26, 2, 27, 7, 2, 30, 37, 39, 10, 34, 2, 20, 39, 15, 1, 22, 8, 39, 20, 10, 31, 9, 2, 14, 3, 13, 39]
    Edit distance: 14/33
  Sample 2:
    TRUE: [28, 24, 39, 27, 33, 20, 37, 39, 35, 17, 39, 21, 12, 8, 39, 16, 22, 39, 2, 22, 2, 6, 1, 29, 30, 39, 19, 2, 20, 33, 38, 2, 22, 39]
    PRED: [28, 24, 39, 27, 11, 20, 37, 39, 6, 17, 39, 21, 17, 8, 30, 39, 16, 22, 39, 16, 22, 2, 34, 1, 28, 30, 39, 19, 2, 20, 33, 38, 2, 22, 39]
    Edit distance: 7/34
  Sample 3:
    TRUE: [20, 3, 27, 17, 37, 39, 19, 0, 28, 30, 33, 21, 39, 22, 17, 8, 2, 8, 39, 6, 20, 1, 19, 39, 14, 20, 2, 34, 37, 39, 30, 33, 39, 6, 17, 39, 19, 2, 21, 26, 20, 17, 30, 20, 17, 39, 10, 20, 2, 14, 2, 22, 30, 39]
    PRED: [14, 27, 3, 11, 39, 19, 4, 28, 2, 21, 39, 22, 17, 8, 37, 39, 6, 1, 19, 39, 20, 2, 34, 37, 39, 30, 33, 39, 6, 17, 39, 19, 2, 21, 26, 11, 30, 20, 17, 39, 1, 20, 2, 20, 2, 22, 39]
    Edit distance: 16/54
  Sample 4:
    TRUE: [9, 2, 39, 30, 33, 31, 39, 13, 10, 27, 17, 39, 13, 11, 14, 0, 30, 39, 30, 33, 39, 19, 2, 21, 39, 35, 10, 22, 39, 27, 0, 18, 11, 37, 39, 30, 33, 31, 39, 13, 10, 20, 39, 4, 30, 39]
    PRED: [9, 2, 39, 30, 27, 33, 31, 39, 34, 5, 27, 2, 39, 6, 27, 0, 19, 0, 19, 30, 2, 8, 39, 30, 33, 39, 19, 2, 21, 39, 27, 10, 22, 39, 27, 29, 2, 37, 39, 30, 33, 31, 39, 13, 4, 27, 4, 30, 39]
    Edit distance: 18/46

============================================================
Batch 7500 | Val PER: 0.2100
============================================================
  Sample 0:
    TRUE: [31, 17, 0, 19, 27, 2, 28, 17, 39, 27, 17, 19, 2, 22, 28, 16, 8, 11, 8, 39]
    PRED: [9, 12, 39, 3, 19, 30, 39, 27, 2, 0, 22, 8, 8, 2, 39]
    Edit distance: 15/20
  Sample 1:
    TRUE: [27, 16, 7, 39, 26, 11, 7, 2, 28, 30, 39, 28, 10, 34, 27, 2, 20, 39, 28, 5, 22, 8, 39, 20, 16, 31, 2, 14, 27, 1, 13, 28, 39]
    PRED: [27, 12, 7, 39, 26, 0, 7, 2, 37, 30, 39, 10, 34, 11, 2, 20, 39, 15, 1, 22, 8, 39, 19, 16, 31, 11, 14, 14, 27, 4, 13, 39]
    Edit distance: 12/33
  Sample 2:
    TRUE: [28, 24, 39, 27, 33, 20, 37, 39, 35, 17, 39, 21, 12, 8, 39, 16, 22, 39, 2, 22, 2, 6, 1, 29, 30, 39, 19, 2, 20, 33, 38, 2, 22, 39]
    PRED: [15, 4, 39, 35, 11, 20, 37, 39, 6, 17, 39, 21, 12, 8, 39, 16, 22, 39, 16, 22, 8, 2, 34, 1, 28, 30, 39, 19, 2, 19, 20, 33, 38, 2, 22, 39]
    Edit distance: 10/34
  Sample 3:
    TRUE: [20, 3, 27, 17, 37, 39, 19, 0, 28, 30, 33, 21, 39, 22, 17, 8, 2, 8, 39, 6, 20, 1, 19, 39, 14, 20, 2, 34, 37, 39, 30, 33, 39, 6, 17, 39, 19, 2, 21, 26, 20, 17, 30, 20, 17, 39, 10, 20, 2, 14, 2, 22, 30, 39]
    PRED: [14, 20, 24, 37, 39, 15, 4, 28, 2, 21, 39, 22, 17, 8, 37, 39, 6, 1, 19, 39, 20, 2, 34, 37, 39, 30, 33, 39, 6, 17, 39, 19, 2, 21, 33, 30, 20, 17, 39, 1, 20, 2, 20, 2, 22, 39]
    Edit distance: 18/54
  Sample 4:
    TRUE: [9, 2, 39, 30, 33, 31, 39, 13, 10, 27, 17, 39, 13, 11, 14, 0, 30, 39, 30, 33, 39, 19, 2, 21, 39, 35, 10, 22, 39, 27, 0, 18, 11, 37, 39, 30, 33, 31, 39, 13, 10, 20, 39, 4, 30, 39]
    PRED: [9, 2, 39, 30, 27, 33, 31, 39, 34, 10, 27, 17, 11, 39, 6, 14, 0, 30, 2, 39, 30, 33, 39, 19, 2, 21, 39, 27, 4, 22, 39, 35, 2, 7, 11, 37, 39, 30, 33, 39, 13, 1, 4, 30, 39]
    Edit distance: 15/46

============================================================
Batch 8000 | Val PER: 0.2082
============================================================
  Sample 0:
    TRUE: [31, 17, 0, 19, 27, 2, 28, 17, 39, 27, 17, 19, 2, 22, 28, 16, 8, 11, 8, 39]
    PRED: [9, 2, 39, 3, 19, 30, 3, 28, 39, 27, 16, 0, 22, 8, 2, 8, 2, 39]
    Edit distance: 14/20
  Sample 1:
    TRUE: [27, 16, 7, 39, 26, 11, 7, 2, 28, 30, 39, 28, 10, 34, 27, 2, 20, 39, 28, 5, 22, 8, 39, 20, 16, 31, 2, 14, 27, 1, 13, 28, 39]
    PRED: [27, 12, 30, 39, 28, 26, 0, 18, 2, 18, 30, 39, 10, 34, 11, 2, 20, 39, 15, 1, 22, 8, 39, 19, 16, 31, 2, 14, 3, 13, 39]
    Edit distance: 14/33
  Sample 2:
    TRUE: [28, 24, 39, 27, 33, 20, 37, 39, 35, 17, 39, 21, 12, 8, 39, 16, 22, 39, 2, 22, 2, 6, 1, 29, 30, 39, 19, 2, 20, 33, 38, 2, 22, 39]
    PRED: [15, 24, 39, 35, 11, 20, 37, 39, 6, 17, 39, 21, 12, 8, 39, 16, 22, 39, 16, 22, 8, 2, 34, 1, 28, 39, 19, 2, 20, 33, 38, 2, 22, 39]
    Edit distance: 9/34
  Sample 3:
    TRUE: [20, 3, 27, 17, 37, 39, 19, 0, 28, 30, 33, 21, 39, 22, 17, 8, 2, 8, 39, 6, 20, 1, 19, 39, 14, 20, 2, 34, 37, 39, 30, 33, 39, 6, 17, 39, 19, 2, 21, 26, 20, 17, 30, 20, 17, 39, 10, 20, 2, 14, 2, 22, 30, 39]
    PRED: [14, 24, 39, 19, 4, 28, 24, 21, 39, 22, 17, 8, 2, 8, 39, 6, 1, 19, 39, 20, 2, 34, 8, 39, 30, 33, 39, 6, 17, 39, 19, 10, 21, 26, 20, 2, 20, 20, 39, 16, 20, 2, 22, 39]
    Edit distance: 19/54
  Sample 4:
    TRUE: [9, 2, 39, 30, 33, 31, 39, 13, 10, 27, 17, 39, 13, 11, 14, 0, 30, 39, 30, 33, 39, 19, 2, 21, 39, 35, 10, 22, 39, 27, 0, 18, 11, 37, 39, 30, 33, 31, 39, 13, 10, 20, 39, 4, 30, 39]
    PRED: [9, 2, 39, 30, 33, 31, 39, 34, 10, 27, 17, 2, 39, 27, 16, 0, 19, 2, 8, 39, 30, 33, 39, 19, 5, 21, 39, 27, 10, 22, 39, 2, 18, 11, 39, 29, 33, 39, 34, 1, 4, 30, 39]
    Edit distance: 19/46
